/*--------------------------------*- C++ -*----------------------------------*\
| =========                 |                                                 |
| \\      /  F ield         | OpenFOAM: The Open Source CFD Toolbox           |
|  \\    /   O peration     | Version:  2312                                  |
|   \\  /    A nd           | Website:  www.openfoam.com                      |
|    \\/     M anipulation  |                                                 |
\*---------------------------------------------------------------------------*/
FoamFile
{
    version     2.0;
    format      ascii;
    arch        "LSB;label=32;scalar=64";
    class       pointVectorField;
    location    "2";
    object      pointW;
}
// * * * * * * * * * * * * * * * * * * * * * * * * * * * * * * * * * * * * * //

dimensions      [0 1 0 0 0 0 0];

internalField   nonuniform List<vector> 
1312
(
(0.250488846214 0.025 -0.149872369978)
(0.250479453171 0.025 -0.149874822353)
(0.250451635012 0.025 -0.149882085235)
(0.250406460772 0.025 -0.149893879515)
(0.250345666473 0.025 -0.149909751946)
(0.250271588405 0.025 -0.149929092559)
(0.250187073347 0.025 -0.149951158105)
(0.250095369165 0.025 -0.149975100618)
(0.25 0.025 -0.15)
(0.249904630835 0.025 -0.150024899382)
(0.249812926653 0.025 -0.150048841895)
(0.249728411595 0.025 -0.150070907441)
(0.249654333527 0.025 -0.150090248054)
(0.249593539228 0.025 -0.150106120485)
(0.249548364988 0.025 -0.150117914765)
(0.249520546829 0.025 -0.150125177647)
(0.249511153786 0.025 -0.150127630022)
(0.249520546829 0.025 -0.150125177647)
(0.249548364988 0.025 -0.150117914765)
(0.249593539228 0.025 -0.150106120485)
(0.249654333527 0.025 -0.150090248054)
(0.249728411595 0.025 -0.150070907441)
(0.249812926653 0.025 -0.150048841895)
(0.249904630835 0.025 -0.150024899382)
(0.25 0.025 -0.15)
(0.250095369165 0.025 -0.149975100618)
(0.250187073347 0.025 -0.149951158105)
(0.250271588405 0.025 -0.149929092559)
(0.250345666473 0.025 -0.149909751946)
(0.250406460772 0.025 -0.149893879515)
(0.250451635012 0.025 -0.149882085235)
(0.250479453171 0.025 -0.149874822353)
(0.249738509297 0.025 -0.146987705969)
(0.249729110445 0.025 -0.146990161601)
(0.249701275083 0.025 -0.146997434127)
(0.249656072906 0.025 -0.147009244068)
(0.24959524101 0.025 -0.147025137575)
(0.249521117131 0.025 -0.14704450387)
(0.249436549807 0.025 -0.147066598716)
(0.249344788913 0.025 -0.147090573021)
(0.24924936077 0.025 -0.147115505466)
(0.249153932626 0.025 -0.147140437911)
(0.249062171732 0.025 -0.147164412216)
(0.248977604408 0.025 -0.147186507062)
(0.248903480529 0.025 -0.147205873357)
(0.248842648633 0.025 -0.147221766864)
(0.248797446457 0.025 -0.147233576805)
(0.248769611094 0.025 -0.147240849331)
(0.248760212242 0.025 -0.147243304963)
(0.248769611094 0.025 -0.147240849331)
(0.248797446457 0.025 -0.147233576805)
(0.248842648633 0.025 -0.147221766864)
(0.248903480529 0.025 -0.147205873357)
(0.248977604408 0.025 -0.147186507062)
(0.249062171732 0.025 -0.147164412216)
(0.249153932626 0.025 -0.147140437911)
(0.24924936077 0.025 -0.147115505466)
(0.249344788913 0.025 -0.147090573021)
(0.249436549807 0.025 -0.147066598716)
(0.249521117131 0.025 -0.14704450387)
(0.24959524101 0.025 -0.147025137575)
(0.249656072906 0.025 -0.147009244068)
(0.249701275083 0.025 -0.146997434127)
(0.249729110445 0.025 -0.146990161601)
(0.248986815429 0.025 -0.144099358596)
(0.248977400473 0.025 -0.144101823269)
(0.248949517416 0.025 -0.144109122573)
(0.248904237789 0.025 -0.144120975999)
(0.248843301663 0.025 -0.144136928027)
(0.248769050778 0.025 -0.144156365629)
(0.248684338555 0.025 -0.144178541829)
(0.248592420436 0.025 -0.144202604409)
(0.248496828784 0.025 -0.144227628656)
(0.248401237131 0.025 -0.144252652903)
(0.248309319013 0.025 -0.144276715483)
(0.248224606789 0.025 -0.144298891683)
(0.248150355904 0.025 -0.144318329285)
(0.248089419778 0.025 -0.144334281313)
(0.248044140151 0.025 -0.144346134739)
(0.248016257095 0.025 -0.144353434043)
(0.248006842139 0.025 -0.144355898716)
(0.248016257095 0.025 -0.144353434043)
(0.248044140151 0.025 -0.144346134739)
(0.248089419778 0.025 -0.144334281313)
(0.248150355904 0.025 -0.144318329285)
(0.248224606789 0.025 -0.144298891683)
(0.248309319013 0.025 -0.144276715483)
(0.248401237131 0.025 -0.144252652903)
(0.248496828784 0.025 -0.144227628656)
(0.248592420436 0.025 -0.144202604409)
(0.248684338555 0.025 -0.144178541829)
(0.248769050778 0.025 -0.144156365629)
(0.248843301663 0.025 -0.144136928027)
(0.248904237789 0.025 -0.144120975999)
(0.248949517416 0.025 -0.144109122573)
(0.248977400473 0.025 -0.144101823269)
(0.248232065823 0.025 -0.141204599062)
(0.24822262682 0.025 -0.141207077274)
(0.248194672549 0.025 -0.141214416674)
(0.248149277276 0.025 -0.141226335212)
(0.248088185516 0.025 -0.141242374867)
(0.248013744991 0.025 -0.141261919242)
(0.247928816408 0.025 -0.141284217259)
(0.247836663526 0.025 -0.141308412018)
(0.247740827728 0.025 -0.141333573727)
(0.24764499193 0.025 -0.141358735436)
(0.247552839047 0.025 -0.141382930195)
(0.247467910465 0.025 -0.141405228212)
(0.24739346994 0.025 -0.141424772587)
(0.247332378179 0.025 -0.141440812242)
(0.247286982906 0.025 -0.14145273078)
(0.247259028635 0.025 -0.14146007018)
(0.247249589633 0.025 -0.141462548392)
(0.247259028635 0.025 -0.14146007018)
(0.247286982906 0.025 -0.14145273078)
(0.247332378179 0.025 -0.141440812242)
(0.24739346994 0.025 -0.141424772587)
(0.247467910465 0.025 -0.141405228212)
(0.247552839047 0.025 -0.141382930195)
(0.24764499193 0.025 -0.141358735436)
(0.247740827728 0.025 -0.141333573727)
(0.247836663526 0.025 -0.141308412018)
(0.247928816408 0.025 -0.141284217259)
(0.248013744991 0.025 -0.141261919242)
(0.248088185516 0.025 -0.141242374867)
(0.248149277276 0.025 -0.141226335212)
(0.248194672549 0.025 -0.141214416674)
(0.24822262682 0.025 -0.141207077274)
(0.247472938531 0.025 -0.138301325173)
(0.247463469374 0.025 -0.138303820428)
(0.247435425799 0.025 -0.138311210299)
(0.247389885503 0.025 -0.138323210799)
(0.247328598576 0.025 -0.138339360755)
(0.247253920239 0.025 -0.138359039534)
(0.247168720339 0.025 -0.13838149089)
(0.24707627306 0.025 -0.138405852032)
(0.2469801311 0.025 -0.138431186773)
(0.246883989139 0.025 -0.138456521514)
(0.24679154186 0.025 -0.138480882656)
(0.24670634196 0.025 -0.138503334012)
(0.246631663623 0.025 -0.138523012791)
(0.246570376696 0.025 -0.138539162747)
(0.2465248364 0.025 -0.138551163247)
(0.246496792825 0.025 -0.138558553119)
(0.246487323668 0.025 -0.138561048373)
(0.246496792825 0.025 -0.138558553119)
(0.2465248364 0.025 -0.138551163247)
(0.246570376696 0.025 -0.138539162747)
(0.246631663623 0.025 -0.138523012791)
(0.24670634196 0.025 -0.138503334012)
(0.24679154186 0.025 -0.138480882656)
(0.246883989139 0.025 -0.138456521514)
(0.2469801311 0.025 -0.138431186773)
(0.24707627306 0.025 -0.138405852032)
(0.247168720339 0.025 -0.13838149089)
(0.247253920239 0.025 -0.138359039534)
(0.247328598576 0.025 -0.138339360755)
(0.247389885503 0.025 -0.138323210799)
(0.247435425799 0.025 -0.138311210299)
(0.247463469374 0.025 -0.138303820428)
(0.246708402927 0.025 -0.13538792306)
(0.246698898936 0.025 -0.135390438091)
(0.246670752195 0.025 -0.135397886533)
(0.246625044367 0.025 -0.135409982146)
(0.246563531979 0.025 -0.135426260104)
(0.246488578918 0.025 -0.135446094852)
(0.246403065587 0.025 -0.135468724154)
(0.246310278216 0.025 -0.135493278376)
(0.246213782572 0.025 -0.135518813916)
(0.246117286928 0.025 -0.135544349455)
(0.246024499557 0.025 -0.135568903678)
(0.245938986226 0.025 -0.135591532979)
(0.245864033165 0.025 -0.135611367728)
(0.245802520777 0.025 -0.135627645685)
(0.245756812949 0.025 -0.135639741299)
(0.245728666208 0.025 -0.135647189741)
(0.245719162217 0.025 -0.135649704772)
(0.245728666208 0.025 -0.135647189741)
(0.245756812949 0.025 -0.135639741299)
(0.245802520777 0.025 -0.135627645685)
(0.245864033165 0.025 -0.135611367728)
(0.245938986226 0.025 -0.135591532979)
(0.246024499557 0.025 -0.135568903678)
(0.246117286928 0.025 -0.135544349455)
(0.246213782572 0.025 -0.135518813916)
(0.246310278216 0.025 -0.135493278376)
(0.246403065587 0.025 -0.135468724154)
(0.246488578918 0.025 -0.135446094852)
(0.246563531979 0.025 -0.135426260104)
(0.246625044367 0.025 -0.135409982146)
(0.246670752195 0.025 -0.135397886533)
(0.246698898936 0.025 -0.135390438091)
(0.245937654154 0.025 -0.132463158946)
(0.245928111757 0.025 -0.132465695892)
(0.245899851277 0.025 -0.132473209238)
(0.245853958747 0.025 -0.132485410249)
(0.245792197791 0.025 -0.132501830049)
(0.245716941849 0.025 -0.132521837632)
(0.245631082964 0.025 -0.132544664119)
(0.245537920645 0.025 -0.132569432301)
(0.245441035068 0.025 -0.13259519035)
(0.24534414949 0.025 -0.132620948399)
(0.245250987171 0.025 -0.132645716581)
(0.245165128287 0.025 -0.132668543068)
(0.245089872345 0.025 -0.132688550651)
(0.245028111389 0.025 -0.13270497045)
(0.244982218859 0.025 -0.132717171462)
(0.244953958378 0.025 -0.132724684807)
(0.244944415982 0.025 -0.132727221754)
(0.244953958378 0.025 -0.132724684807)
(0.244982218859 0.025 -0.132717171462)
(0.245028111389 0.025 -0.13270497045)
(0.245089872345 0.025 -0.132688550651)
(0.245165128287 0.025 -0.132668543068)
(0.245250987171 0.025 -0.132645716581)
(0.24534414949 0.025 -0.132620948399)
(0.245441035068 0.025 -0.13259519035)
(0.245537920645 0.025 -0.132569432301)
(0.245631082964 0.025 -0.132544664119)
(0.245716941849 0.025 -0.132521837632)
(0.245792197791 0.025 -0.132501830049)
(0.245853958747 0.025 -0.132485410249)
(0.245899851277 0.025 -0.132473209238)
(0.245928111757 0.025 -0.132465695892)
(0.245160062672 0.025 -0.129526094623)
(0.245150479163 0.025 -0.129528655159)
(0.245122096925 0.025 -0.12953623837)
(0.245076006671 0.025 -0.129548552835)
(0.245013979625 0.025 -0.129565125318)
(0.24493839945 0.025 -0.129585318946)
(0.24485217065 0.025 -0.12960835769)
(0.244758606951 0.025 -0.129633356185)
(0.244661303951 0.025 -0.129659353751)
(0.244564000952 0.025 -0.129685351317)
(0.244470437252 0.025 -0.129710349811)
(0.244384208453 0.025 -0.129733388556)
(0.244308628278 0.025 -0.129753582184)
(0.244246601232 0.025 -0.129770154666)
(0.244200510978 0.025 -0.129782469132)
(0.24417212874 0.025 -0.129790052342)
(0.244162545231 0.025 -0.129792612879)
(0.24417212874 0.025 -0.129790052342)
(0.244200510978 0.025 -0.129782469132)
(0.244246601232 0.025 -0.129770154666)
(0.244308628278 0.025 -0.129753582184)
(0.244384208453 0.025 -0.129733388556)
(0.244470437252 0.025 -0.129710349811)
(0.244564000952 0.025 -0.129685351317)
(0.244661303951 0.025 -0.129659353751)
(0.244758606951 0.025 -0.129633356185)
(0.24485217065 0.025 -0.12960835769)
(0.24493839945 0.025 -0.129585318946)
(0.245013979625 0.025 -0.129565125318)
(0.245076006671 0.025 -0.129548552835)
(0.245122096925 0.025 -0.12953623837)
(0.245150479163 0.025 -0.129528655159)
(0.244375135311 0.025 -0.126576021541)
(0.244365508652 0.025 -0.126578606983)
(0.244336998623 0.025 -0.12658626395)
(0.244290700848 0.025 -0.12659869819)
(0.244228394524 0.025 -0.126615431863)
(0.244152474049 0.025 -0.126635821902)
(0.244065857004 0.025 -0.126659084729)
(0.243971872034 0.025 -0.126684326368)
(0.243874130927 0.025 -0.126710576796)
(0.243776389821 0.025 -0.126736827224)
(0.24368240485 0.025 -0.126762068862)
(0.243595787805 0.025 -0.12678533169)
(0.24351986733 0.025 -0.126805721729)
(0.243457561006 0.025 -0.126822455401)
(0.243411263231 0.025 -0.126834889641)
(0.243382753202 0.025 -0.126842546609)
(0.243373126543 0.025 -0.12684513205)
(0.243382753202 0.025 -0.126842546609)
(0.243411263231 0.025 -0.126834889641)
(0.243457561006 0.025 -0.126822455401)
(0.24351986733 0.025 -0.126805721729)
(0.243595787805 0.025 -0.12678533169)
(0.24368240485 0.025 -0.126762068862)
(0.243776389821 0.025 -0.126736827224)
(0.243874130927 0.025 -0.126710576796)
(0.243971872034 0.025 -0.126684326368)
(0.244065857004 0.025 -0.126659084729)
(0.244152474049 0.025 -0.126635821902)
(0.244228394524 0.025 -0.126615431863)
(0.244290700848 0.025 -0.12659869819)
(0.244336998623 0.025 -0.12658626395)
(0.244365508652 0.025 -0.126578606983)
(0.243582485113 0.025 -0.123612409496)
(0.243572813788 0.025 -0.123615020875)
(0.243544171474 0.025 -0.123622754659)
(0.243497658881 0.025 -0.123635313643)
(0.243435063462 0.025 -0.123652215192)
(0.243358790722 0.025 -0.123672809789)
(0.243271771781 0.025 -0.123696305995)
(0.243177350728 0.025 -0.123721800864)
(0.24307915611 0.025 -0.123748314643)
(0.242980961493 0.025 -0.123774828422)
(0.24288654044 0.025 -0.123800323291)
(0.242799521499 0.025 -0.123823819497)
(0.242723248759 0.025 -0.123844414094)
(0.242660653339 0.025 -0.123861315643)
(0.242614140746 0.025 -0.123873874627)
(0.242585498433 0.025 -0.123881608411)
(0.242575827107 0.025 -0.12388421979)
(0.242585498433 0.025 -0.123881608411)
(0.242614140746 0.025 -0.123873874627)
(0.242660653339 0.025 -0.123861315643)
(0.242723248759 0.025 -0.123844414094)
(0.242799521499 0.025 -0.123823819497)
(0.24288654044 0.025 -0.123800323291)
(0.242980961493 0.025 -0.123774828422)
(0.24307915611 0.025 -0.123748314643)
(0.243177350728 0.025 -0.123721800864)
(0.243271771781 0.025 -0.123696305995)
(0.243358790722 0.025 -0.123672809789)
(0.243435063462 0.025 -0.123652215192)
(0.243497658881 0.025 -0.123635313643)
(0.243544171474 0.025 -0.123622754659)
(0.243572813788 0.025 -0.123615020875)
(0.242781807961 0.025 -0.120634866723)
(0.242772090855 0.025 -0.120637504854)
(0.242743312961 0.025 -0.120645317864)
(0.242696580195 0.025 -0.120658005504)
(0.242633688473 0.025 -0.120675080194)
(0.242557054688 0.025 -0.120695885765)
(0.242469623834 0.025 -0.12071962267)
(0.242374755828 0.025 -0.120745378712)
(0.242276096396 0.025 -0.120772164102)
(0.242177436964 0.025 -0.120798949491)
(0.242082568959 0.025 -0.120824705534)
(0.241995138105 0.025 -0.120848442438)
(0.24191850432 0.025 -0.120869248009)
(0.241855612598 0.025 -0.1208863227)
(0.241808879832 0.025 -0.120899010339)
(0.241780101938 0.025 -0.120906823349)
(0.241770384832 0.025 -0.12090946148)
(0.241780101938 0.025 -0.120906823349)
(0.241808879832 0.025 -0.120899010339)
(0.241855612598 0.025 -0.1208863227)
(0.24191850432 0.025 -0.120869248009)
(0.241995138105 0.025 -0.120848442438)
(0.242082568959 0.025 -0.120824705534)
(0.242177436964 0.025 -0.120798949491)
(0.242276096396 0.025 -0.120772164102)
(0.242374755828 0.025 -0.120745378712)
(0.242469623834 0.025 -0.12071962267)
(0.242557054688 0.025 -0.120695885765)
(0.242633688473 0.025 -0.120675080194)
(0.242696580195 0.025 -0.120658005504)
(0.242743312961 0.025 -0.120645317864)
(0.242772090855 0.025 -0.120637504854)
(0.241972864423 0.025 -0.117643108909)
(0.241963100737 0.025 -0.117645774433)
(0.241934184892 0.025 -0.11765366857)
(0.241887228107 0.025 -0.117666487952)
(0.241824034905 0.025 -0.117683739939)
(0.241747033766 0.025 -0.117704761545)
(0.2416591838 0.025 -0.117728744923)
(0.241563861033 0.025 -0.117754768404)
(0.241464728664 0.025 -0.117781831921)
(0.241365596295 0.025 -0.117808895438)
(0.241270273527 0.025 -0.11783491892)
(0.241182423561 0.025 -0.117858902297)
(0.241105422422 0.025 -0.117879923904)
(0.241042229221 0.025 -0.11789717589)
(0.240995272436 0.025 -0.117909995273)
(0.24096635659 0.025 -0.117917889409)
(0.240956592904 0.025 -0.117920554933)
(0.24096635659 0.025 -0.117917889409)
(0.240995272436 0.025 -0.117909995273)
(0.241042229221 0.025 -0.11789717589)
(0.241105422422 0.025 -0.117879923904)
(0.241182423561 0.025 -0.117858902297)
(0.241270273527 0.025 -0.11783491892)
(0.241365596295 0.025 -0.117808895438)
(0.241464728664 0.025 -0.117781831921)
(0.241563861033 0.025 -0.117754768404)
(0.2416591838 0.025 -0.117728744923)
(0.241747033766 0.025 -0.117704761545)
(0.241824034905 0.025 -0.117683739939)
(0.241887228107 0.025 -0.117666487952)
(0.241934184892 0.025 -0.11765366857)
(0.241963100737 0.025 -0.117645774433)
(0.241155465662 0.025 -0.114636935151)
(0.241145654839 0.025 -0.114639628575)
(0.241116599395 0.025 -0.114647605341)
(0.241069415913 0.025 -0.114660558905)
(0.241005917629 0.025 -0.114677991471)
(0.240928544746 0.025 -0.114699233114)
(0.24084027066 0.025 -0.114723467529)
(0.240744487696 0.025 -0.114749763402)
(0.240644876738 0.025 -0.114777110197)
(0.240545265781 0.025 -0.114804456992)
(0.240449482817 0.025 -0.114830752865)
(0.240361208731 0.025 -0.11485498728)
(0.240283835848 0.025 -0.114876228923)
(0.240220337564 0.025 -0.114893661488)
(0.240173154082 0.025 -0.114906615053)
(0.240144098638 0.025 -0.114914591819)
(0.240134287815 0.025 -0.114917285243)
(0.240144098638 0.025 -0.114914591819)
(0.240173154082 0.025 -0.114906615053)
(0.240220337564 0.025 -0.114893661488)
(0.240283835848 0.025 -0.114876228923)
(0.240361208731 0.025 -0.11485498728)
(0.240449482817 0.025 -0.114830752865)
(0.240545265781 0.025 -0.114804456992)
(0.240644876738 0.025 -0.114777110197)
(0.240744487696 0.025 -0.114749763402)
(0.24084027066 0.025 -0.114723467529)
(0.240928544746 0.025 -0.114699233114)
(0.241005917629 0.025 -0.114677991471)
(0.241069415913 0.025 -0.114660558905)
(0.241116599395 0.025 -0.114647605341)
(0.241145654839 0.025 -0.114639628575)
(0.240329462495 0.025 -0.111616209338)
(0.240319604167 0.025 -0.111618931064)
(0.240290408035 0.025 -0.111626991649)
(0.240242996089 0.025 -0.111640081327)
(0.240179190344 0.025 -0.111657697071)
(0.240101442818 0.025 -0.111679161917)
(0.240012741306 0.025 -0.111703650983)
(0.239916494557 0.025 -0.111730223169)
(0.239816401279 0.025 -0.111757857319)
(0.239716308001 0.025 -0.111785491469)
(0.239620061252 0.025 -0.111812063654)
(0.23953135974 0.025 -0.111836552721)
(0.239453612214 0.025 -0.111858017567)
(0.239389806469 0.025 -0.111875633311)
(0.239342394523 0.025 -0.111888722989)
(0.239313198391 0.025 -0.111896783573)
(0.239303340064 0.025 -0.1118995053)
(0.239313198391 0.025 -0.111896783573)
(0.239342394523 0.025 -0.111888722989)
(0.239389806469 0.025 -0.111875633311)
(0.239453612214 0.025 -0.111858017567)
(0.23953135974 0.025 -0.111836552721)
(0.239620061252 0.025 -0.111812063654)
(0.239716308001 0.025 -0.111785491469)
(0.239816401279 0.025 -0.111757857319)
(0.239916494557 0.025 -0.111730223169)
(0.240012741306 0.025 -0.111703650983)
(0.240101442818 0.025 -0.111679161917)
(0.240179190344 0.025 -0.111657697071)
(0.240242996089 0.025 -0.111640081327)
(0.240290408035 0.025 -0.111626991649)
(0.240319604167 0.025 -0.111618931064)
(0.239494736894 0.025 -0.108580845768)
(0.239484830842 0.025 -0.108583596115)
(0.23945549337 0.025 -0.10859174146)
(0.2394078519 0.025 -0.108604968783)
(0.239343737268 0.025 -0.108622769764)
(0.239265613363 0.025 -0.108644460324)
(0.239176482442 0.025 -0.108669206904)
(0.239079769758 0.025 -0.108696058509)
(0.238979191923 0.025 -0.108723983245)
(0.238878614089 0.025 -0.108751907982)
(0.238781901404 0.025 -0.108778759586)
(0.238692770484 0.025 -0.108803506167)
(0.238614646578 0.025 -0.108825196726)
(0.238550531946 0.025 -0.108842997708)
(0.238502890477 0.025 -0.10885622503)
(0.238473553005 0.025 -0.108864370376)
(0.238463646953 0.025 -0.108867120722)
(0.238473553005 0.025 -0.108864370376)
(0.238502890477 0.025 -0.10885622503)
(0.238550531946 0.025 -0.108842997708)
(0.238614646578 0.025 -0.108825196726)
(0.238692770484 0.025 -0.108803506167)
(0.238781901404 0.025 -0.108778759586)
(0.238878614089 0.025 -0.108751907982)
(0.238979191923 0.025 -0.108723983245)
(0.239079769758 0.025 -0.108696058509)
(0.239176482442 0.025 -0.108669206904)
(0.239265613363 0.025 -0.108644460324)
(0.239343737268 0.025 -0.108622769764)
(0.2394078519 0.025 -0.108604968783)
(0.23945549337 0.025 -0.10859174146)
(0.239484830842 0.025 -0.108583596115)
(0.238651195422 0.025 -0.105530798059)
(0.23864124154 0.025 -0.105533577278)
(0.238611762417 0.025 -0.105541808131)
(0.238563890918 0.025 -0.10555517431)
(0.238499466718 0.025 -0.105573162162)
(0.238420965604 0.025 -0.105595080422)
(0.238331404328 0.025 -0.105620086786)
(0.238234224682 0.025 -0.105647220271)
(0.238133161223 0.025 -0.105675438153)
(0.238032097764 0.025 -0.105703656036)
(0.237934918117 0.025 -0.105730789521)
(0.237845356842 0.025 -0.105755795884)
(0.237766855728 0.025 -0.105777714145)
(0.237702431528 0.025 -0.105795701996)
(0.237654560029 0.025 -0.105809068176)
(0.237625080905 0.025 -0.105817299029)
(0.237615127024 0.025 -0.105820078248)
(0.237625080905 0.025 -0.105817299029)
(0.237654560029 0.025 -0.105809068176)
(0.237702431528 0.025 -0.105795701996)
(0.237766855728 0.025 -0.105777714145)
(0.237845356842 0.025 -0.105755795884)
(0.237934918117 0.025 -0.105730789521)
(0.238032097764 0.025 -0.105703656036)
(0.238133161223 0.025 -0.105675438153)
(0.238234224682 0.025 -0.105647220271)
(0.238331404328 0.025 -0.105620086786)
(0.238420965604 0.025 -0.105595080422)
(0.238499466718 0.025 -0.105573162162)
(0.238563890918 0.025 -0.10555517431)
(0.238611762417 0.025 -0.105541808131)
(0.23864124154 0.025 -0.105533577278)
(0.237798764175 0.025 -0.102466050658)
(0.237788762448 0.025 -0.102468858948)
(0.23775914163 0.025 -0.102477175899)
(0.237711040031 0.025 -0.102490681893)
(0.237646306168 0.025 -0.102508857904)
(0.237567427729 0.025 -0.102531005437)
(0.237477435967 0.025 -0.102556273375)
(0.237379789215 0.025 -0.102583690685)
(0.237278239982 0.025 -0.102612203736)
(0.23717669075 0.025 -0.102640716788)
(0.237079043998 0.025 -0.102668134098)
(0.236989052236 0.025 -0.102693402036)
(0.236910173796 0.025 -0.102715549569)
(0.236845439934 0.025 -0.10273372558)
(0.236797338335 0.025 -0.102747231574)
(0.236767717516 0.025 -0.102755548525)
(0.23675771579 0.025 -0.102758356815)
(0.236767717516 0.025 -0.102755548525)
(0.236797338335 0.025 -0.102747231574)
(0.236845439934 0.025 -0.10273372558)
(0.236910173796 0.025 -0.102715549569)
(0.236989052236 0.025 -0.102693402036)
(0.237079043998 0.025 -0.102668134098)
(0.23717669075 0.025 -0.102640716788)
(0.237278239982 0.025 -0.102612203736)
(0.237379789215 0.025 -0.102583690685)
(0.237477435967 0.025 -0.102556273375)
(0.237567427729 0.025 -0.102531005437)
(0.237646306168 0.025 -0.102508857904)
(0.237711040031 0.025 -0.102490681893)
(0.23775914163 0.025 -0.102477175899)
(0.237788762448 0.025 -0.102468858948)
(0.236937384902 0.025 -0.0993866123818)
(0.236927335388 0.025 -0.0993894499001)
(0.236897573044 0.025 -0.0993978534107)
(0.23684924162 0.025 -0.0994114999714)
(0.236784198465 0.025 -0.0994298651525)
(0.236704943152 0.025 -0.0994522431905)
(0.236614521417 0.025 -0.0994777741099)
(0.236516408118 0.025 -0.0995054767717)
(0.236414373693 0.025 -0.0995342865782)
(0.236312339268 0.025 -0.0995630963848)
(0.236214225968 0.025 -0.0995907990466)
(0.236123804234 0.025 -0.099616329966)
(0.23604454892 0.025 -0.099638708004)
(0.235979505766 0.025 -0.0996570731851)
(0.235931174342 0.025 -0.0996707197458)
(0.235901411998 0.025 -0.0996791232564)
(0.235891362484 0.025 -0.0996819607747)
(0.235901411998 0.025 -0.0996791232564)
(0.235931174342 0.025 -0.0996707197458)
(0.235979505766 0.025 -0.0996570731851)
(0.23604454892 0.025 -0.099638708004)
(0.236123804234 0.025 -0.099616329966)
(0.236214225968 0.025 -0.0995907990466)
(0.236312339268 0.025 -0.0995630963848)
(0.236414373693 0.025 -0.0995342865782)
(0.236516408118 0.025 -0.0995054767717)
(0.236614521417 0.025 -0.0994777741099)
(0.236704943152 0.025 -0.0994522431905)
(0.236784198465 0.025 -0.0994298651525)
(0.23684924162 0.025 -0.0994114999714)
(0.236897573044 0.025 -0.0993978534107)
(0.236927335388 0.025 -0.0993894499001)
(0.236067012103 0.025 -0.096292511581)
(0.236056914917 0.025 -0.0962953784479)
(0.236027011389 0.025 -0.0963038688765)
(0.235978450694 0.025 -0.0963176565844)
(0.235913098993 0.025 -0.0963362117177)
(0.235833467714 0.025 -0.0963588212131)
(0.235742617044 0.025 -0.0963846162003)
(0.235644038323 0.025 -0.0964126053924)
(0.235541519875 0.025 -0.0964417131805)
(0.235439001427 0.025 -0.0964708209686)
(0.235340422705 0.025 -0.0964988101607)
(0.235249572035 0.025 -0.0965246051479)
(0.235169940757 0.025 -0.0965472146433)
(0.235104589056 0.025 -0.0965657697766)
(0.235056028361 0.025 -0.0965795574845)
(0.235026124832 0.025 -0.0965880479131)
(0.235016027647 0.025 -0.09659091478)
(0.235026124832 0.025 -0.0965880479131)
(0.235056028361 0.025 -0.0965795574845)
(0.235104589056 0.025 -0.0965657697766)
(0.235169940757 0.025 -0.0965472146433)
(0.235249572035 0.025 -0.0965246051479)
(0.235340422705 0.025 -0.0964988101607)
(0.235439001427 0.025 -0.0964708209686)
(0.235541519875 0.025 -0.0964417131805)
(0.235644038323 0.025 -0.0964126053924)
(0.235742617044 0.025 -0.0963846162003)
(0.235833467714 0.025 -0.0963588212131)
(0.235913098993 0.025 -0.0963362117177)
(0.235978450694 0.025 -0.0963176565844)
(0.236027011389 0.025 -0.0963038688765)
(0.236056914917 0.025 -0.0962953784479)
(0.235187610875 0.025 -0.0931837926038)
(0.23517746618 0.025 -0.0931866889098)
(0.235147421952 0.025 -0.0931952665245)
(0.235098632772 0.025 -0.0932091958149)
(0.235032973581 0.025 -0.0932279414862)
(0.234952967626 0.025 -0.0932507831527)
(0.23486168949 0.025 -0.0932768430221)
(0.234762646941 0.025 -0.0933051196282)
(0.234659646128 0.025 -0.0933345263168)
(0.234556645316 0.025 -0.0933639330054)
(0.234457602767 0.025 -0.0933922096114)
(0.234366324631 0.025 -0.0934182694808)
(0.234286318676 0.025 -0.0934411111473)
(0.234220659485 0.025 -0.0934598568186)
(0.234171870305 0.025 -0.093473786109)
(0.234141826076 0.025 -0.0934823637237)
(0.234131681382 0.025 -0.0934852600297)
(0.234141826076 0.025 -0.0934823637237)
(0.234171870305 0.025 -0.093473786109)
(0.234220659485 0.025 -0.0934598568186)
(0.234286318676 0.025 -0.0934411111473)
(0.234366324631 0.025 -0.0934182694808)
(0.234457602767 0.025 -0.0933922096114)
(0.234556645316 0.025 -0.0933639330054)
(0.234659646128 0.025 -0.0933345263168)
(0.234762646941 0.025 -0.0933051196282)
(0.23486168949 0.025 -0.0932768430221)
(0.234952967626 0.025 -0.0932507831527)
(0.235032973581 0.025 -0.0932279414862)
(0.235098632772 0.025 -0.0932091958149)
(0.235147421952 0.025 -0.0931952665245)
(0.23517746618 0.025 -0.0931866889098)
(0.234299155418 0.025 -0.0900605133369)
(0.23428896342 0.025 -0.0900634391457)
(0.234258779097 0.025 -0.0900721041351)
(0.234209762416 0.025 -0.0900861753142)
(0.234143797061 0.025 -0.0901051119356)
(0.234063418043 0.025 -0.0901281862755)
(0.233971714283 0.025 -0.0901545116001)
(0.233872209905 0.025 -0.0901830762417)
(0.233768728807 0.025 -0.0902127824774)
(0.233665247709 0.025 -0.090242488713)
(0.233565743331 0.025 -0.0902710533547)
(0.233474039571 0.025 -0.0902973786793)
(0.233393660553 0.025 -0.0903204530192)
(0.233327695198 0.025 -0.0903393896406)
(0.233278678518 0.025 -0.0903534608197)
(0.233248494194 0.025 -0.0903621258091)
(0.233238302196 0.025 -0.0903650516179)
(0.233248494194 0.025 -0.090362125809)
(0.233278678518 0.025 -0.0903534608197)
(0.233327695198 0.025 -0.0903393896406)
(0.233393660553 0.025 -0.0903204530192)
(0.233474039571 0.025 -0.0902973786793)
(0.233565743331 0.025 -0.0902710533547)
(0.233665247709 0.025 -0.090242488713)
(0.233768728807 0.025 -0.0902127824774)
(0.233872209905 0.025 -0.0901830762417)
(0.233971714283 0.025 -0.0901545116001)
(0.234063418043 0.025 -0.0901281862755)
(0.234143797061 0.025 -0.0901051119356)
(0.234209762416 0.025 -0.0900861753142)
(0.234258779097 0.025 -0.0900721041351)
(0.23428896342 0.025 -0.0900634391457)
(0.23340162809 0.025 -0.0869227436591)
(0.233391389029 0.025 -0.0869256990094)
(0.233361065329 0.025 -0.0869344514879)
(0.233311822312 0.025 -0.0869486647416)
(0.23324555236 0.025 -0.0869677925633)
(0.23316480219 0.025 -0.0869910998814)
(0.233072674985 0.025 -0.0870176910088)
(0.232972711143 0.025 -0.0870465440635)
(0.232868752217 0.025 -0.0870765502386)
(0.232764793292 0.025 -0.0871065564137)
(0.23266482945 0.025 -0.0871354094684)
(0.232572702245 0.025 -0.0871620005958)
(0.232491952075 0.025 -0.0871853079139)
(0.232425682123 0.025 -0.0872044357356)
(0.232376439106 0.025 -0.0872186489893)
(0.232346115406 0.025 -0.0872274014678)
(0.232335876345 0.025 -0.0872303568181)
(0.232346115406 0.025 -0.0872274014678)
(0.232376439106 0.025 -0.0872186489893)
(0.232425682123 0.025 -0.0872044357356)
(0.232491952075 0.025 -0.0871853079139)
(0.232572702245 0.025 -0.0871620005958)
(0.23266482945 0.025 -0.0871354094684)
(0.232764793292 0.025 -0.0871065564137)
(0.232868752217 0.025 -0.0870765502386)
(0.232972711143 0.025 -0.0870465440635)
(0.233072674985 0.025 -0.0870176910088)
(0.23316480219 0.025 -0.0869910998814)
(0.23324555236 0.025 -0.0869677925633)
(0.233311822312 0.025 -0.0869486647416)
(0.233361065329 0.025 -0.0869344514879)
(0.233391389029 0.025 -0.0869256990094)
(0.232495018948 0.025 -0.0837705647107)
(0.232484733104 0.025 -0.0837735496164)
(0.232454270851 0.025 -0.083782389625)
(0.232404802836 0.025 -0.0837967450201)
(0.232338230088 0.025 -0.0838160641319)
(0.23225711096 0.025 -0.0838396045377)
(0.232164562814 0.025 -0.083866461593)
(0.232064142224 0.025 -0.0838956031961)
(0.231959708297 0.025 -0.0839259094516)
(0.231855274369 0.025 -0.0839562157071)
(0.231754853779 0.025 -0.0839853573103)
(0.231662305633 0.025 -0.0840122143655)
(0.231581186505 0.025 -0.0840357547713)
(0.231514613757 0.025 -0.0840550738831)
(0.231465145742 0.025 -0.0840694292782)
(0.231434683489 0.025 -0.0840782692869)
(0.231424397645 0.025 -0.0840812541925)
(0.231434683489 0.025 -0.0840782692869)
(0.231465145742 0.025 -0.0840694292782)
(0.231514613757 0.025 -0.0840550738831)
(0.231581186505 0.025 -0.0840357547713)
(0.231662305633 0.025 -0.0840122143655)
(0.231754853779 0.025 -0.0839853573103)
(0.231855274369 0.025 -0.0839562157071)
(0.231959708297 0.025 -0.0839259094516)
(0.232064142224 0.025 -0.0838956031961)
(0.232164562814 0.025 -0.083866461593)
(0.23225711096 0.025 -0.0838396045377)
(0.232338230088 0.025 -0.0838160641319)
(0.232404802836 0.025 -0.0837967450201)
(0.232454270851 0.025 -0.083782389625)
(0.232484733104 0.025 -0.0837735496164)
(0.23157932579 0.025 -0.0806040689319)
(0.231568993477 0.025 -0.0806070833807)
(0.231538393606 0.025 -0.0806160108835)
(0.231488702111 0.025 -0.0806305083615)
(0.231421828608 0.025 -0.0806500186846)
(0.23134034301 0.025 -0.0806737920821)
(0.231247376761 0.025 -0.0807009149556)
(0.231146502503 0.025 -0.0807303449884)
(0.231041596777 0.025 -0.0807609512007)
(0.23093669105 0.025 -0.0807915574131)
(0.230835816792 0.025 -0.0808209874459)
(0.230742850543 0.025 -0.0808481103194)
(0.230661364945 0.025 -0.0808718837169)
(0.230594491443 0.025 -0.08089139404)
(0.230544799947 0.025 -0.080905891518)
(0.230514200076 0.025 -0.0809148190208)
(0.230503867764 0.025 -0.0809178334696)
(0.230514200076 0.025 -0.0809148190208)
(0.230544799947 0.025 -0.080905891518)
(0.230594491443 0.025 -0.08089139404)
(0.230661364945 0.025 -0.0808718837169)
(0.230742850543 0.025 -0.0808481103194)
(0.230835816792 0.025 -0.0808209874459)
(0.23093669105 0.025 -0.0807915574131)
(0.231041596777 0.025 -0.0807609512007)
(0.231146502503 0.025 -0.0807303449884)
(0.231247376761 0.025 -0.0807009149556)
(0.23134034301 0.025 -0.0806737920821)
(0.231421828608 0.025 -0.0806500186846)
(0.231488702111 0.025 -0.0806305083615)
(0.231538393606 0.025 -0.0806160108835)
(0.231568993477 0.025 -0.0806070833807)
(0.230654554658 0.025 -0.0774233608768)
(0.230644176234 0.025 -0.0774264048276)
(0.230613439799 0.025 -0.0774354197027)
(0.230563526537 0.025 -0.0774500590655)
(0.230496354586 0.025 -0.0774697603335)
(0.230414505327 0.025 -0.077493766398)
(0.230321124181 0.025 -0.0775211547195)
(0.230219799734 0.025 -0.07755087278)
(0.230114425826 0.025 -0.0775817785312)
(0.230009051918 0.025 -0.0776126842824)
(0.22990772747 0.025 -0.0776424023429)
(0.229814346325 0.025 -0.0776697906643)
(0.229732497066 0.025 -0.0776937967288)
(0.229665325115 0.025 -0.0777134979968)
(0.229615411853 0.025 -0.0777281373596)
(0.229584675418 0.025 -0.0777371522347)
(0.229574296994 0.025 -0.0777401961855)
(0.229584675418 0.025 -0.0777371522347)
(0.229615411853 0.025 -0.0777281373596)
(0.229665325115 0.025 -0.0777134979968)
(0.229732497066 0.025 -0.0776937967288)
(0.229814346325 0.025 -0.0776697906643)
(0.22990772747 0.025 -0.0776424023429)
(0.230009051918 0.025 -0.0776126842824)
(0.230114425826 0.025 -0.0775817785312)
(0.230219799734 0.025 -0.07755087278)
(0.230321124181 0.025 -0.0775211547195)
(0.230414505327 0.025 -0.077493766398)
(0.230496354586 0.025 -0.0774697603335)
(0.230563526537 0.025 -0.0774500590655)
(0.230613439799 0.025 -0.0774354197027)
(0.230644176234 0.025 -0.0774264048276)
(0.229720720892 0.025 -0.0742285588628)
(0.229710296759 0.025 -0.0742316322406)
(0.229679424956 0.025 -0.0742407342659)
(0.229629291867 0.025 -0.0742555151528)
(0.229561824081 0.025 -0.0742754068803)
(0.229479614344 0.025 -0.0742996450204)
(0.229385821933 0.025 -0.0743272981149)
(0.229284051236 0.025 -0.074357303471)
(0.229178213244 0.025 -0.0743885079996)
(0.229072375253 0.025 -0.0744197125283)
(0.228970604556 0.025 -0.0744497178843)
(0.228876812144 0.025 -0.0744773709789)
(0.228794602408 0.025 -0.0745016091189)
(0.228727134621 0.025 -0.0745215008464)
(0.228677001533 0.025 -0.0745362817334)
(0.228646129729 0.025 -0.0745453837587)
(0.228635705597 0.025 -0.0745484571365)
(0.228646129729 0.025 -0.0745453837587)
(0.228677001533 0.025 -0.0745362817334)
(0.228727134621 0.025 -0.0745215008464)
(0.228794602408 0.025 -0.0745016091189)
(0.228876812144 0.025 -0.0744773709789)
(0.228970604556 0.025 -0.0744497178843)
(0.229072375253 0.025 -0.0744197125282)
(0.229178213244 0.025 -0.0743885079996)
(0.229284051236 0.025 -0.074357303471)
(0.229385821933 0.025 -0.0743272981149)
(0.229479614344 0.025 -0.0742996450204)
(0.229561824081 0.025 -0.0742754068803)
(0.229629291867 0.025 -0.0742555151528)
(0.229679424956 0.025 -0.0742407342659)
(0.229710296759 0.025 -0.0742316322406)
(0.22877785078 0.025 -0.0710197975673)
(0.2287673814 0.025 -0.0710229002562)
(0.228736375592 0.025 -0.0710320890884)
(0.228686024893 0.025 -0.0710470109422)
(0.228618264251 0.025 -0.0710670923791)
(0.22853569767 0.025 -0.0710915616807)
(0.228441498138 0.025 -0.0711194785056)
(0.228339285688 0.025 -0.0711497700258)
(0.22823298829 0.025 -0.0711812721551)
(0.228126690891 0.025 -0.0712127742845)
(0.228024478442 0.025 -0.0712430658046)
(0.227930278909 0.025 -0.0712709826295)
(0.227847712328 0.025 -0.0712954519312)
(0.227779951686 0.025 -0.0713155333681)
(0.227729600987 0.025 -0.0713304552219)
(0.22769859518 0.025 -0.0713396440541)
(0.2276881258 0.025 -0.071342746743)
(0.22769859518 0.025 -0.0713396440541)
(0.227729600987 0.025 -0.0713304552219)
(0.227779951686 0.025 -0.0713155333681)
(0.227847712328 0.025 -0.0712954519312)
(0.227930278909 0.025 -0.0712709826295)
(0.228024478442 0.025 -0.0712430658046)
(0.228126690891 0.025 -0.0712127742845)
(0.22823298829 0.025 -0.0711812721551)
(0.228339285688 0.025 -0.0711497700258)
(0.228441498138 0.025 -0.0711194785056)
(0.22853569767 0.025 -0.0710915616807)
(0.228618264251 0.025 -0.0710670923791)
(0.228686024893 0.025 -0.0710470109422)
(0.228736375592 0.025 -0.0710320890884)
(0.2287673814 0.025 -0.0710229002562)
(0.227825983946 0.025 -0.0677972317563)
(0.227815469849 0.025 -0.0678003635897)
(0.227784331611 0.025 -0.0678096387354)
(0.227733765856 0.025 -0.0678247007546)
(0.227665715798 0.025 -0.0678449708225)
(0.227582796563 0.025 -0.0678696699716)
(0.227488194689 0.025 -0.0678978490276)
(0.227385545675 0.025 -0.0679284250852)
(0.227278794263 0.025 -0.0679602231235)
(0.227172042852 0.025 -0.0679920211618)
(0.227069393838 0.025 -0.0680225972193)
(0.226974791964 0.025 -0.0680507762753)
(0.226891872728 0.025 -0.0680754754245)
(0.22682382267 0.025 -0.0680957454924)
(0.226773256915 0.025 -0.0681108075116)
(0.226742118677 0.025 -0.0681200826573)
(0.226731604581 0.025 -0.0681232144907)
(0.226742118677 0.025 -0.0681200826573)
(0.226773256915 0.025 -0.0681108075116)
(0.22682382267 0.025 -0.0680957454924)
(0.226891872728 0.025 -0.0680754754245)
(0.226974791964 0.025 -0.0680507762753)
(0.227069393838 0.025 -0.0680225972193)
(0.227172042852 0.025 -0.0679920211618)
(0.227278794263 0.025 -0.0679602231235)
(0.227385545675 0.025 -0.0679284250852)
(0.227488194689 0.025 -0.0678978490276)
(0.227582796563 0.025 -0.0678696699716)
(0.227665715798 0.025 -0.0678449708225)
(0.227733765856 0.025 -0.0678247007546)
(0.227784331611 0.025 -0.0678096387354)
(0.227815469849 0.025 -0.0678003635897)
(0.226865176643 0.025 -0.0645610414007)
(0.226854618451 0.025 -0.0645642021479)
(0.22682334962 0.025 -0.064573562924)
(0.226772571794 0.025 -0.0645887639994)
(0.226704236336 0.025 -0.0646092212054)
(0.226620969339 0.025 -0.064634148383)
(0.226525970708 0.025 -0.0646625875948)
(0.226422891186 0.025 -0.0646934459379)
(0.226315692062 0.025 -0.0647255375433)
(0.226208492939 0.025 -0.0647576291487)
(0.226105413417 0.025 -0.0647884874918)
(0.226010414786 0.025 -0.0648169267036)
(0.225927147789 0.025 -0.0648418538812)
(0.225858812331 0.025 -0.0648623110872)
(0.225808034505 0.025 -0.0648775121627)
(0.225776765674 0.025 -0.0648868729387)
(0.225766207482 0.025 -0.0648900336859)
(0.225776765674 0.025 -0.0648868729387)
(0.225808034505 0.025 -0.0648775121627)
(0.225858812331 0.025 -0.0648623110872)
(0.225927147789 0.025 -0.0648418538812)
(0.226010414786 0.025 -0.0648169267036)
(0.226105413417 0.025 -0.0647884874918)
(0.226208492939 0.025 -0.0647576291487)
(0.226315692062 0.025 -0.0647255375433)
(0.226422891186 0.025 -0.0646934459379)
(0.226525970708 0.025 -0.0646625875948)
(0.226620969339 0.025 -0.064634148383)
(0.226704236336 0.025 -0.0646092212054)
(0.226772571794 0.025 -0.0645887639994)
(0.22682334962 0.025 -0.064573562924)
(0.226854618451 0.025 -0.0645642021479)
(0.225895506183 0.025 -0.0613114385353)
(0.225884904629 0.025 -0.061314627884)
(0.22585350738 0.025 -0.0613240733652)
(0.225802521015 0.025 -0.0613394119944)
(0.22573390491 0.025 -0.0613600543167)
(0.225650295945 0.025 -0.0613852070591)
(0.225554907165 0.025 -0.0614139036159)
(0.225451404307 0.025 -0.0614450411946)
(0.225343764927 0.025 -0.0614774231954)
(0.225236125548 0.025 -0.0615098051962)
(0.22513262269 0.025 -0.0615409427748)
(0.22503723391 0.025 -0.0615696393316)
(0.224953624944 0.025 -0.0615947920741)
(0.22488500884 0.025 -0.0616154343963)
(0.224834022474 0.025 -0.0616307730255)
(0.224802625226 0.025 -0.0616402185067)
(0.224792023672 0.025 -0.0616434078554)
(0.224802625226 0.025 -0.0616402185067)
(0.224834022474 0.025 -0.0616307730255)
(0.22488500884 0.025 -0.0616154343963)
(0.224953624944 0.025 -0.0615947920741)
(0.22503723391 0.025 -0.0615696393316)
(0.22513262269 0.025 -0.0615409427748)
(0.225236125548 0.025 -0.0615098051962)
(0.225343764927 0.025 -0.0614774231954)
(0.225451404307 0.025 -0.0614450411946)
(0.225554907165 0.025 -0.0614139036159)
(0.225650295945 0.025 -0.0613852070591)
(0.22573390491 0.025 -0.0613600543167)
(0.225802521015 0.025 -0.0613394119944)
(0.22585350738 0.025 -0.0613240733652)
(0.225884904629 0.025 -0.061314627884)
(0.224917076828 0.025 -0.0580486763385)
(0.224906432794 0.025 -0.0580518938712)
(0.224874909737 0.025 -0.058061422821)
(0.224823719069 0.025 -0.0580768969959)
(0.22475482802 0.025 -0.058097721732)
(0.224670884034 0.025 -0.0581230967464)
(0.224575113031 0.025 -0.0581520468914)
(0.224471195437 0.025 -0.0581834596293)
(0.224363124747 0.025 -0.0582161277862)
(0.224255054057 0.025 -0.058248795943)
(0.224151136463 0.025 -0.0582802086809)
(0.224055365461 0.025 -0.0583091588259)
(0.223971421474 0.025 -0.0583345338403)
(0.223902530425 0.025 -0.0583553585764)
(0.223851339758 0.025 -0.0583708327513)
(0.2238198167 0.025 -0.0583803617012)
(0.223809172666 0.025 -0.0583835792338)
(0.2238198167 0.025 -0.0583803617012)
(0.223851339758 0.025 -0.0583708327513)
(0.223902530425 0.025 -0.0583553585764)
(0.223971421474 0.025 -0.0583345338403)
(0.224055365461 0.025 -0.0583091588259)
(0.224151136463 0.025 -0.0582802086809)
(0.224255054057 0.025 -0.058248795943)
(0.224363124747 0.025 -0.0582161277862)
(0.224471195437 0.025 -0.0581834596293)
(0.224575113031 0.025 -0.0581520468914)
(0.224670884034 0.025 -0.0581230967464)
(0.22475482802 0.025 -0.058097721732)
(0.224823719069 0.025 -0.0580768969959)
(0.224874909737 0.025 -0.058061422821)
(0.224906432794 0.025 -0.0580518938712)
(0.223930027569 0.025 -0.0547730610637)
(0.223919342125 0.025 -0.0547763062268)
(0.223887696429 0.025 -0.0547859170063)
(0.223836306606 0.025 -0.0548015240654)
(0.223767147539 0.025 -0.0548225276334)
(0.223682876973 0.025 -0.0548481205552)
(0.223586733377 0.025 -0.054877319309)
(0.223482411496 0.025 -0.0549090018031)
(0.223373920362 0.025 -0.054941950497)
(0.223265429228 0.025 -0.0549748991909)
(0.223161107347 0.025 -0.055006581685)
(0.223064963751 0.025 -0.0550357804388)
(0.222980693185 0.025 -0.0550613733606)
(0.222911534118 0.025 -0.0550823769287)
(0.222860144296 0.025 -0.0550979839877)
(0.222828498599 0.025 -0.0551075947672)
(0.222817813155 0.025 -0.0551108399303)
(0.222828498599 0.025 -0.0551075947672)
(0.222860144296 0.025 -0.0550979839877)
(0.222911534118 0.025 -0.0550823769287)
(0.222980693185 0.025 -0.0550613733606)
(0.223064963751 0.025 -0.0550357804388)
(0.223161107347 0.025 -0.055006581685)
(0.223265429228 0.025 -0.0549748991909)
(0.223373920362 0.025 -0.054941950497)
(0.223482411496 0.025 -0.0549090018031)
(0.223586733377 0.025 -0.054877319309)
(0.223682876973 0.025 -0.0548481205552)
(0.223767147539 0.025 -0.0548225276334)
(0.223836306606 0.025 -0.0548015240654)
(0.223887696429 0.025 -0.0547859170063)
(0.223919342125 0.025 -0.0547763062268)
(0.22293454232 0.025 -0.0514849676568)
(0.222923816781 0.025 -0.0514882397208)
(0.222892052341 0.025 -0.0514979301692)
(0.22284046969 0.025 -0.0515136666036)
(0.222771051119 0.025 -0.0515348442816)
(0.222686464346 0.025 -0.051560649357)
(0.222589959993 0.025 -0.051590090155)
(0.222485246668 0.025 -0.0516220352824)
(0.222376348445 0.025 -0.0516552571059)
(0.222267450222 0.025 -0.0516884789294)
(0.222162736897 0.025 -0.0517204240568)
(0.222066232544 0.025 -0.0517498648549)
(0.221981645771 0.025 -0.0517756699302)
(0.221912227201 0.025 -0.0517968476082)
(0.221860644549 0.025 -0.0518125840426)
(0.221828880109 0.025 -0.0518222744911)
(0.22181815457 0.025 -0.0518255465551)
(0.221828880109 0.025 -0.0518222744911)
(0.221860644549 0.025 -0.0518125840426)
(0.221912227201 0.025 -0.0517968476082)
(0.221981645771 0.025 -0.0517756699302)
(0.222066232544 0.025 -0.0517498648549)
(0.222162736897 0.025 -0.0517204240568)
(0.222267450222 0.025 -0.0516884789294)
(0.222376348445 0.025 -0.0516552571059)
(0.222485246668 0.025 -0.0516220352824)
(0.222589959993 0.025 -0.051590090155)
(0.222686464346 0.025 -0.051560649357)
(0.222771051119 0.025 -0.0515348442816)
(0.22284046969 0.025 -0.0515136666036)
(0.222892052341 0.025 -0.0514979301692)
(0.222923816781 0.025 -0.0514882397208)
(0.221930863274 0.025 -0.048184860156)
(0.221920099274 0.025 -0.0481881581625)
(0.221888220928 0.025 -0.0481979254416)
(0.221836453304 0.025 -0.0482137866422)
(0.221766785803 0.025 -0.0482351322273)
(0.221681895707 0.025 -0.0482611418979)
(0.221585045294 0.025 -0.0482908161171)
(0.221479956473 0.025 -0.0483230145212)
(0.221370667748 0.025 -0.0483564997437)
(0.221261379022 0.025 -0.0483899849661)
(0.221156290201 0.025 -0.0484221833702)
(0.221059439789 0.025 -0.0484518575894)
(0.220974549693 0.025 -0.04847786726)
(0.220904882191 0.025 -0.0484992128451)
(0.220853114567 0.025 -0.0485150740457)
(0.220821236222 0.025 -0.0485248413248)
(0.220810472222 0.025 -0.0485281393313)
(0.220821236222 0.025 -0.0485248413248)
(0.220853114567 0.025 -0.0485150740457)
(0.220904882191 0.025 -0.0484992128451)
(0.220974549693 0.025 -0.04847786726)
(0.221059439789 0.025 -0.0484518575894)
(0.221156290201 0.025 -0.0484221833702)
(0.221261379022 0.025 -0.0483899849661)
(0.221370667748 0.025 -0.0483564997437)
(0.221479956473 0.025 -0.0483230145212)
(0.221585045294 0.025 -0.0482908161171)
(0.221681895707 0.025 -0.0482611418979)
(0.221766785803 0.025 -0.0482351322273)
(0.221836453304 0.025 -0.0482137866422)
(0.221888220928 0.025 -0.0481979254416)
(0.221920099274 0.025 -0.0481881581625)
(0.22091930835 0.025 -0.044873318312)
(0.220908507936 0.025 -0.0448766410052)
(0.220876521747 0.025 -0.0448864813956)
(0.220824578995 0.025 -0.0449024613225)
(0.220754675811 0.025 -0.0449239666862)
(0.220669498534 0.025 -0.0449501710478)
(0.220572320481 0.025 -0.0449800673882)
(0.220466876148 0.025 -0.0450125068078)
(0.220357217702 0.025 -0.0450462426781)
(0.220247559257 0.025 -0.0450799785484)
(0.220142114924 0.025 -0.045112417968)
(0.220044936871 0.025 -0.0451423143084)
(0.219959759594 0.025 -0.04516851867)
(0.21988985641 0.025 -0.0451900240337)
(0.219837913658 0.025 -0.0452060039606)
(0.219805927469 0.025 -0.0452158443509)
(0.219795127055 0.025 -0.0452191670441)
(0.219805927469 0.025 -0.0452158443509)
(0.219837913658 0.025 -0.0452060039606)
(0.21988985641 0.025 -0.0451900240337)
(0.219959759594 0.025 -0.04516851867)
(0.220044936871 0.025 -0.0451423143084)
(0.220142114924 0.025 -0.045112417968)
(0.220247559257 0.025 -0.0450799785484)
(0.220357217702 0.025 -0.0450462426781)
(0.220466876148 0.025 -0.0450125068078)
(0.220572320481 0.025 -0.0449800673882)
(0.220669498534 0.025 -0.0449501710478)
(0.220754675811 0.025 -0.0449239666862)
(0.220824578995 0.025 -0.0449024613225)
(0.220876521747 0.025 -0.0448864813956)
(0.220908507936 0.025 -0.0448766410052)
(0.21990029393 0.025 -0.0415510723163)
(0.219889459687 0.025 -0.0415544180532)
(0.219857373309 0.025 -0.0415643266893)
(0.219805267859 0.025 -0.0415804174412)
(0.21973514572 0.025 -0.0416020719503)
(0.219649701647 0.025 -0.041628458046)
(0.219552219207 0.025 -0.0416585617255)
(0.219446444595 0.025 -0.0416912261211)
(0.219336442672 0.025 -0.0417251959586)
(0.219226440748 0.025 -0.0417591657961)
(0.219120666137 0.025 -0.0417918301917)
(0.219023183697 0.025 -0.0418219338712)
(0.218937739623 0.025 -0.0418483199669)
(0.218867617484 0.025 -0.041869974476)
(0.218815512035 0.025 -0.0418860652279)
(0.218783425657 0.025 -0.041895973864)
(0.218772591413 0.025 -0.0418993196009)
(0.218783425657 0.025 -0.041895973864)
(0.218815512035 0.025 -0.0418860652279)
(0.218867617484 0.025 -0.041869974476)
(0.218937739623 0.025 -0.0418483199669)
(0.219023183697 0.025 -0.0418219338711)
(0.219120666137 0.025 -0.0417918301917)
(0.219226440748 0.025 -0.0417591657961)
(0.219336442672 0.025 -0.0417251959586)
(0.219446444595 0.025 -0.0416912261211)
(0.219552219207 0.025 -0.0416585617255)
(0.219649701647 0.025 -0.041628458046)
(0.21973514572 0.025 -0.0416020719503)
(0.219805267859 0.025 -0.0415804174412)
(0.219857373309 0.025 -0.0415643266893)
(0.219889459687 0.025 -0.0415544180532)
(0.218874364477 0.025 -0.0382190481178)
(0.218863499687 0.025 -0.0382224147521)
(0.218831322848 0.025 -0.0382323852771)
(0.218779070496 0.025 -0.0382485765312)
(0.21870875066 0.025 -0.0382703662935)
(0.218623065692 0.025 -0.0382969171956)
(0.218525308418 0.025 -0.0383272089014)
(0.218419235593 0.025 -0.0383600773175)
(0.218308923539 0.025 -0.0383942593291)
(0.218198611484 0.025 -0.0384284413407)
(0.21809253866 0.025 -0.0384613097568)
(0.217994781385 0.025 -0.0384916014626)
(0.217909096417 0.025 -0.0385181523648)
(0.217838776582 0.025 -0.0385399421271)
(0.21778652423 0.025 -0.0385561333811)
(0.21775434739 0.025 -0.0385661039061)
(0.217743482601 0.025 -0.0385694705404)
(0.21775434739 0.025 -0.0385661039061)
(0.21778652423 0.025 -0.0385561333811)
(0.217838776582 0.025 -0.0385399421271)
(0.217909096417 0.025 -0.0385181523648)
(0.217994781385 0.025 -0.0384916014626)
(0.21809253866 0.025 -0.0384613097568)
(0.218198611484 0.025 -0.0384284413407)
(0.218308923539 0.025 -0.0383942593291)
(0.218419235593 0.025 -0.0383600773175)
(0.218525308418 0.025 -0.0383272089014)
(0.218623065692 0.025 -0.0382969171956)
(0.21870875066 0.025 -0.0382703662935)
(0.218779070496 0.025 -0.0382485765312)
(0.218831322848 0.025 -0.0382323852771)
(0.218863499687 0.025 -0.0382224147521)
(0.217842230992 0.025 -0.0348784265938)
(0.217831339854 0.025 -0.0348818113242)
(0.21779908498 0.025 -0.0348918354419)
(0.217746705907 0.025 -0.0349081137257)
(0.217676215533 0.025 -0.0349300206103)
(0.217590322764 0.025 -0.0349567142265)
(0.217492328411 0.025 -0.0349871687535)
(0.217385998342 0.025 -0.035020213841)
(0.217275418761 0.025 -0.0350545795847)
(0.21716483918 0.025 -0.0350889453284)
(0.217058509111 0.025 -0.0351219904159)
(0.216960514758 0.025 -0.0351524449429)
(0.216874621989 0.025 -0.0351791385591)
(0.216804131615 0.025 -0.0352010454437)
(0.216751752542 0.025 -0.0352173237276)
(0.216719497668 0.025 -0.0352273478452)
(0.21670860653 0.025 -0.0352307325756)
(0.216719497668 0.025 -0.0352273478452)
(0.216751752542 0.025 -0.0352173237276)
(0.216804131615 0.025 -0.0352010454437)
(0.216874621989 0.025 -0.0351791385591)
(0.216960514758 0.025 -0.0351524449429)
(0.217058509111 0.025 -0.0351219904159)
(0.21716483918 0.025 -0.0350889453284)
(0.217275418761 0.025 -0.0350545795847)
(0.217385998342 0.025 -0.035020213841)
(0.217492328411 0.025 -0.0349871687535)
(0.217590322764 0.025 -0.0349567142265)
(0.217676215533 0.025 -0.0349300206103)
(0.217746705907 0.025 -0.0349081137257)
(0.21779908498 0.025 -0.0348918354419)
(0.217831339854 0.025 -0.0348818113242)
(0.216804820908 0.025 -0.0315307208798)
(0.216793908806 0.025 -0.0315341200538)
(0.216761591847 0.025 -0.0315441869474)
(0.216709111952 0.025 -0.0315605346954)
(0.216638485896 0.025 -0.0315825350633)
(0.216552427797 0.025 -0.031609342589)
(0.21645424482 0.025 -0.0316399270745)
(0.216347710082 0.025 -0.0316731131751)
(0.216236917653 0.025 -0.0317076255676)
(0.216126125224 0.025 -0.0317421379601)
(0.216019590486 0.025 -0.0317753240607)
(0.215921407509 0.025 -0.0318059085461)
(0.215835349411 0.025 -0.0318327160719)
(0.215764723354 0.025 -0.0318547164397)
(0.21571224346 0.025 -0.0318710641877)
(0.2156799265 0.025 -0.0318811310813)
(0.215669014398 0.025 -0.0318845302553)
(0.2156799265 0.025 -0.0318811310813)
(0.21571224346 0.025 -0.0318710641877)
(0.215764723354 0.025 -0.0318547164397)
(0.215835349411 0.025 -0.0318327160719)
(0.215921407509 0.025 -0.0318059085461)
(0.216019590486 0.025 -0.0317753240607)
(0.216126125224 0.025 -0.0317421379601)
(0.216236917653 0.025 -0.0317076255676)
(0.216347710082 0.025 -0.0316731131751)
(0.21645424482 0.025 -0.0316399270745)
(0.216552427797 0.025 -0.031609342589)
(0.216638485896 0.025 -0.0315825350633)
(0.216709111952 0.025 -0.0315605346954)
(0.216761591847 0.025 -0.0315441869474)
(0.216793908806 0.025 -0.0315341200538)
(0.215763342562 0.025 -0.0281778775604)
(0.215752416435 0.025 -0.0281812864209)
(0.215720057936 0.025 -0.0281913820019)
(0.215667510586 0.025 -0.0282077763357)
(0.21559679375 0.025 -0.0282298393975)
(0.215510625035 0.025 -0.028256723316)
(0.215412315858 0.025 -0.0282873949573)
(0.215305644185 0.025 -0.0283206756276)
(0.215194709348 0.025 -0.0283552863692)
(0.215083774511 0.025 -0.0283898971109)
(0.214977102838 0.025 -0.0284231777811)
(0.214878793661 0.025 -0.0284538494225)
(0.214792624946 0.025 -0.028480733341)
(0.21472190811 0.025 -0.0285027964027)
(0.21466936076 0.025 -0.0285191907366)
(0.214637002262 0.025 -0.0285292863176)
(0.214626076134 0.025 -0.0285326951781)
(0.214637002262 0.025 -0.0285292863176)
(0.21466936076 0.025 -0.0285191907366)
(0.21472190811 0.025 -0.0285027964027)
(0.214792624946 0.025 -0.028480733341)
(0.214878793661 0.025 -0.0284538494225)
(0.214977102838 0.025 -0.0284231777811)
(0.215083774511 0.025 -0.0283898971109)
(0.215194709348 0.025 -0.0283552863692)
(0.215305644185 0.025 -0.0283206756276)
(0.215412315858 0.025 -0.0282873949573)
(0.215510625035 0.025 -0.028256723316)
(0.21559679375 0.025 -0.0282298393975)
(0.215667510586 0.025 -0.0282077763357)
(0.215720057936 0.025 -0.0281913820019)
(0.215752416435 0.025 -0.0281812864209)
(0.214719368229 0.025 -0.0248224092972)
(0.214708437042 0.025 -0.0248258216558)
(0.214676063563 0.025 -0.0248359275967)
(0.214623491884 0.025 -0.0248523387541)
(0.214552742306 0.025 -0.0248744244565)
(0.214466533697 0.025 -0.0249013359628)
(0.214368179004 0.025 -0.0249320390789)
(0.214261457942 0.025 -0.0249653539011)
(0.214150471744 0.025 -0.0250000001597)
(0.214039485546 0.025 -0.0250346464183)
(0.213932764484 0.025 -0.0250679612405)
(0.213834409791 0.025 -0.0250986643566)
(0.213748201182 0.025 -0.0251255758629)
(0.213677451604 0.025 -0.0251476615653)
(0.213624879925 0.025 -0.0251640727227)
(0.213592506446 0.025 -0.0251741786636)
(0.213581575259 0.025 -0.0251775910222)
(0.213592506446 0.025 -0.0251741786636)
(0.213624879925 0.025 -0.0251640727227)
(0.213677451604 0.025 -0.0251476615653)
(0.213748201182 0.025 -0.0251255758629)
(0.213834409791 0.025 -0.0250986643566)
(0.213932764484 0.025 -0.0250679612405)
(0.214039485546 0.025 -0.0250346464183)
(0.214150471744 0.025 -0.0250000001597)
(0.214261457942 0.025 -0.0249653539011)
(0.214368179004 0.025 -0.0249320390789)
(0.214466533697 0.025 -0.0249013359628)
(0.214552742306 0.025 -0.0248744244565)
(0.214623491884 0.025 -0.0248523387541)
(0.214676063563 0.025 -0.0248359275967)
(0.214708437042 0.025 -0.0248258216558)
)
;

boundaryField
{
    left
    {
        type            calculated;
    }
    right
    {
        type            calculated;
    }
    beam
    {
        type            empty;
    }
}


// ************************************************************************* //
