/*--------------------------------*- C++ -*----------------------------------*\
| =========                 |                                                 |
| \\      /  F ield         | OpenFOAM: The Open Source CFD Toolbox           |
|  \\    /   O peration     | Version:  2312                                  |
|   \\  /    A nd           | Website:  www.openfoam.com                      |
|    \\/     M anipulation  |                                                 |
\*---------------------------------------------------------------------------*/
FoamFile
{
    version     2.0;
    format      ascii;
    arch        "LSB;label=32;scalar=64";
    class       pointVectorField;
    location    "2";
    object      pointW;
}
// * * * * * * * * * * * * * * * * * * * * * * * * * * * * * * * * * * * * * //

dimensions      [0 1 0 0 0 0 0];

internalField   nonuniform List<vector> 
1312
(
(0.250488846214 0.025 0.000127630021906)
(0.250479453171 0.025 0.000125177646823)
(0.250451635012 0.025 0.000117914764973)
(0.250406460772 0.025 0.000106120484833)
(0.250345666473 0.025 9.02480539728e-05)
(0.250271588405 0.025 7.09074410106e-05)
(0.250187073347 0.025 4.88418948557e-05)
(0.250095369165 0.025 2.48993820724e-05)
(0.25 0.025 -2.57656145809e-16)
(0.249904630835 0.025 -2.48993820729e-05)
(0.249812926653 0.025 -4.88418948562e-05)
(0.249728411595 0.025 -7.09074410111e-05)
(0.249654333527 0.025 -9.02480539732e-05)
(0.249593539228 0.025 -0.000106120484833)
(0.249548364988 0.025 -0.000117914764973)
(0.249520546829 0.025 -0.000125177646823)
(0.249511153786 0.025 -0.000127630021906)
(0.249520546829 0.025 -0.000125177646823)
(0.249548364988 0.025 -0.000117914764973)
(0.249593539228 0.025 -0.000106120484833)
(0.249654333527 0.025 -9.02480539728e-05)
(0.249728411595 0.025 -7.09074410106e-05)
(0.249812926653 0.025 -4.88418948557e-05)
(0.249904630835 0.025 -2.48993820724e-05)
(0.25 0.025 2.57640547504e-16)
(0.250095369165 0.025 2.48993820729e-05)
(0.250187073347 0.025 4.88418948562e-05)
(0.250271588405 0.025 7.09074410111e-05)
(0.250345666473 0.025 9.02480539732e-05)
(0.250406460772 0.025 0.000106120484833)
(0.250451635012 0.025 0.000117914764973)
(0.250479453171 0.025 0.000125177646823)
(0.249738509297 0.025 0.00301229403062)
(0.249729110445 0.025 0.00300983839913)
(0.249701275083 0.025 0.00300256587319)
(0.249656072906 0.025 0.0029907559319)
(0.24959524101 0.025 0.00297486242468)
(0.249521117131 0.025 0.0029554961301)
(0.249436549807 0.025 0.002933401284)
(0.249344788913 0.025 0.00290942697892)
(0.24924936077 0.025 0.00288449453396)
(0.249153932626 0.025 0.00285956208901)
(0.249062171732 0.025 0.00283558778393)
(0.248977604408 0.025 0.00281349293783)
(0.248903480529 0.025 0.00279412664325)
(0.248842648633 0.025 0.00277823313603)
(0.248797446457 0.025 0.00276642319474)
(0.248769611094 0.025 0.0027591506688)
(0.248760212242 0.025 0.00275669503731)
(0.248769611094 0.025 0.0027591506688)
(0.248797446457 0.025 0.00276642319474)
(0.248842648633 0.025 0.00277823313603)
(0.248903480529 0.025 0.00279412664325)
(0.248977604408 0.025 0.00281349293783)
(0.249062171732 0.025 0.00283558778393)
(0.249153932626 0.025 0.00285956208901)
(0.24924936077 0.025 0.00288449453397)
(0.249344788913 0.025 0.00290942697892)
(0.249436549807 0.025 0.002933401284)
(0.249521117131 0.025 0.0029554961301)
(0.24959524101 0.025 0.00297486242468)
(0.249656072906 0.025 0.0029907559319)
(0.249701275083 0.025 0.00300256587319)
(0.249729110445 0.025 0.00300983839913)
(0.248986815429 0.025 0.00590064140425)
(0.248977400473 0.025 0.00589817673101)
(0.248949517416 0.025 0.0058908774273)
(0.248904237789 0.025 0.00587902400127)
(0.248843301663 0.025 0.00586307197343)
(0.248769050778 0.025 0.00584363437127)
(0.248684338555 0.025 0.00582145817094)
(0.248592420436 0.025 0.00579739559138)
(0.248496828784 0.025 0.00577237134402)
(0.248401237131 0.025 0.00574734709667)
(0.248309319013 0.025 0.00572328451711)
(0.248224606789 0.025 0.00570110831678)
(0.248150355904 0.025 0.00568167071462)
(0.248089419778 0.025 0.00566571868678)
(0.248044140151 0.025 0.00565386526075)
(0.248016257095 0.025 0.00564656595704)
(0.248006842139 0.025 0.0056441012838)
(0.248016257095 0.025 0.00564656595704)
(0.248044140151 0.025 0.00565386526075)
(0.248089419778 0.025 0.00566571868678)
(0.248150355904 0.025 0.00568167071462)
(0.248224606789 0.025 0.00570110831678)
(0.248309319013 0.025 0.00572328451711)
(0.248401237131 0.025 0.00574734709667)
(0.248496828784 0.025 0.00577237134402)
(0.248592420436 0.025 0.00579739559138)
(0.248684338555 0.025 0.00582145817094)
(0.248769050778 0.025 0.00584363437127)
(0.248843301663 0.025 0.00586307197343)
(0.248904237789 0.025 0.00587902400127)
(0.248949517416 0.025 0.0058908774273)
(0.248977400473 0.025 0.00589817673101)
(0.248232065823 0.025 0.00879540093809)
(0.24822262682 0.025 0.00879292272607)
(0.248194672549 0.025 0.00878558332629)
(0.248149277276 0.025 0.00877366478778)
(0.248088185516 0.025 0.00875762513329)
(0.248013744991 0.025 0.00873808075775)
(0.247928816408 0.025 0.00871578274054)
(0.247836663526 0.025 0.00869158798196)
(0.247740827728 0.025 0.00866642627302)
(0.24764499193 0.025 0.00864126456408)
(0.247552839047 0.025 0.0086170698055)
(0.247467910465 0.025 0.00859477178829)
(0.24739346994 0.025 0.00857522741274)
(0.247332378179 0.025 0.00855918775825)
(0.247286982906 0.025 0.00854726921974)
(0.247259028635 0.025 0.00853992981997)
(0.247249589633 0.025 0.00853745160794)
(0.247259028635 0.025 0.00853992981997)
(0.247286982906 0.025 0.00854726921974)
(0.247332378179 0.025 0.00855918775825)
(0.24739346994 0.025 0.00857522741274)
(0.247467910465 0.025 0.00859477178829)
(0.247552839047 0.025 0.0086170698055)
(0.24764499193 0.025 0.00864126456408)
(0.247740827728 0.025 0.00866642627302)
(0.247836663526 0.025 0.00869158798196)
(0.247928816408 0.025 0.00871578274054)
(0.248013744991 0.025 0.00873808075775)
(0.248088185516 0.025 0.00875762513329)
(0.248149277276 0.025 0.00877366478778)
(0.248194672549 0.025 0.00878558332629)
(0.24822262682 0.025 0.00879292272607)
(0.247472938531 0.025 0.0116986748265)
(0.247463469374 0.025 0.0116961795723)
(0.247435425799 0.025 0.0116887897009)
(0.247389885503 0.025 0.0116767892008)
(0.247328598576 0.025 0.0116606392446)
(0.247253920239 0.025 0.0116409604661)
(0.247168720339 0.025 0.0116185091096)
(0.24707627306 0.025 0.0115941479682)
(0.2469801311 0.025 0.0115688132269)
(0.246883989139 0.025 0.0115434784856)
(0.24679154186 0.025 0.0115191173442)
(0.24670634196 0.025 0.0114966659877)
(0.246631663623 0.025 0.0114769872092)
(0.246570376696 0.025 0.011460837253)
(0.2465248364 0.025 0.0114488367529)
(0.246496792825 0.025 0.0114414468815)
(0.246487323668 0.025 0.0114389516272)
(0.246496792825 0.025 0.0114414468815)
(0.2465248364 0.025 0.0114488367529)
(0.246570376696 0.025 0.011460837253)
(0.246631663623 0.025 0.0114769872092)
(0.24670634196 0.025 0.0114966659877)
(0.24679154186 0.025 0.0115191173442)
(0.246883989139 0.025 0.0115434784856)
(0.2469801311 0.025 0.0115688132269)
(0.24707627306 0.025 0.0115941479682)
(0.247168720339 0.025 0.0116185091096)
(0.247253920239 0.025 0.0116409604661)
(0.247328598576 0.025 0.0116606392446)
(0.247389885503 0.025 0.0116767892008)
(0.247435425799 0.025 0.0116887897009)
(0.247463469374 0.025 0.0116961795723)
(0.246708402927 0.025 0.0146120769403)
(0.246698898936 0.025 0.0146095619092)
(0.246670752195 0.025 0.0146021134672)
(0.246625044367 0.025 0.0145900178536)
(0.246563531979 0.025 0.0145737398962)
(0.246488578918 0.025 0.0145539051477)
(0.246403065587 0.025 0.0145312758463)
(0.246310278216 0.025 0.0145067216235)
(0.246213782572 0.025 0.0144811860842)
(0.246117286928 0.025 0.014455650545)
(0.246024499557 0.025 0.0144310963222)
(0.245938986226 0.025 0.0144084670208)
(0.245864033165 0.025 0.0143886322723)
(0.245802520777 0.025 0.0143723543149)
(0.245756812949 0.025 0.0143602587013)
(0.245728666208 0.025 0.0143528102593)
(0.245719162217 0.025 0.0143502952282)
(0.245728666208 0.025 0.0143528102593)
(0.245756812949 0.025 0.0143602587013)
(0.245802520777 0.025 0.0143723543149)
(0.245864033165 0.025 0.0143886322723)
(0.245938986226 0.025 0.0144084670208)
(0.246024499557 0.025 0.0144310963222)
(0.246117286928 0.025 0.014455650545)
(0.246213782572 0.025 0.0144811860842)
(0.246310278216 0.025 0.0145067216235)
(0.246403065587 0.025 0.0145312758463)
(0.246488578918 0.025 0.0145539051477)
(0.246563531979 0.025 0.0145737398962)
(0.246625044367 0.025 0.0145900178536)
(0.246670752195 0.025 0.0146021134672)
(0.246698898936 0.025 0.0146095619092)
(0.245937654154 0.025 0.0175368410544)
(0.245928111757 0.025 0.017534304108)
(0.245899851277 0.025 0.0175267907622)
(0.245853958747 0.025 0.0175145897507)
(0.245792197791 0.025 0.0174981699515)
(0.245716941849 0.025 0.0174781623682)
(0.245631082964 0.025 0.0174553358812)
(0.245537920645 0.025 0.0174305676994)
(0.245441035068 0.025 0.0174048096503)
(0.24534414949 0.025 0.0173790516011)
(0.245250987171 0.025 0.0173542834194)
(0.245165128287 0.025 0.0173314569323)
(0.245089872345 0.025 0.0173114493491)
(0.245028111389 0.025 0.0172950295499)
(0.244982218859 0.025 0.0172828285384)
(0.244953958378 0.025 0.0172753151926)
(0.244944415982 0.025 0.0172727782462)
(0.244953958378 0.025 0.0172753151926)
(0.244982218859 0.025 0.0172828285384)
(0.245028111389 0.025 0.0172950295499)
(0.245089872345 0.025 0.0173114493491)
(0.245165128287 0.025 0.0173314569323)
(0.245250987171 0.025 0.0173542834194)
(0.24534414949 0.025 0.0173790516011)
(0.245441035068 0.025 0.0174048096503)
(0.245537920645 0.025 0.0174305676994)
(0.245631082964 0.025 0.0174553358812)
(0.245716941849 0.025 0.0174781623682)
(0.245792197791 0.025 0.0174981699515)
(0.245853958747 0.025 0.0175145897507)
(0.245899851277 0.025 0.0175267907622)
(0.245928111757 0.025 0.017534304108)
(0.245160062672 0.025 0.0204739053774)
(0.245150479163 0.025 0.0204713448406)
(0.245122096925 0.025 0.0204637616302)
(0.245076006671 0.025 0.0204514471649)
(0.245013979625 0.025 0.0204348746824)
(0.24493839945 0.025 0.0204146810541)
(0.24485217065 0.025 0.0203916423098)
(0.244758606951 0.025 0.0203666438155)
(0.244661303951 0.025 0.0203406462493)
(0.244564000952 0.025 0.0203146486831)
(0.244470437252 0.025 0.0202896501887)
(0.244384208453 0.025 0.0202666114444)
(0.244308628278 0.025 0.0202464178161)
(0.244246601232 0.025 0.0202298453337)
(0.244200510978 0.025 0.0202175308683)
(0.24417212874 0.025 0.020209947658)
(0.244162545231 0.025 0.0202073871212)
(0.24417212874 0.025 0.020209947658)
(0.244200510978 0.025 0.0202175308683)
(0.244246601232 0.025 0.0202298453337)
(0.244308628278 0.025 0.0202464178161)
(0.244384208453 0.025 0.0202666114444)
(0.244470437252 0.025 0.0202896501887)
(0.244564000952 0.025 0.0203146486831)
(0.244661303951 0.025 0.0203406462493)
(0.244758606951 0.025 0.0203666438155)
(0.24485217065 0.025 0.0203916423098)
(0.24493839945 0.025 0.0204146810541)
(0.245013979625 0.025 0.0204348746824)
(0.245076006671 0.025 0.0204514471649)
(0.245122096925 0.025 0.0204637616302)
(0.245150479163 0.025 0.0204713448406)
(0.244375135311 0.025 0.0234239784589)
(0.244365508652 0.025 0.0234213930175)
(0.244336998623 0.025 0.0234137360501)
(0.244290700848 0.025 0.0234013018097)
(0.244228394524 0.025 0.0233845681373)
(0.244152474049 0.025 0.0233641780985)
(0.244065857004 0.025 0.023340915271)
(0.243971872034 0.025 0.0233156736323)
(0.243874130927 0.025 0.0232894232044)
(0.243776389821 0.025 0.0232631727764)
(0.24368240485 0.025 0.0232379311377)
(0.243595787805 0.025 0.0232146683102)
(0.24351986733 0.025 0.0231942782714)
(0.243457561006 0.025 0.023177544599)
(0.243411263231 0.025 0.0231651103587)
(0.243382753202 0.025 0.0231574533913)
(0.243373126543 0.025 0.0231548679498)
(0.243382753202 0.025 0.0231574533913)
(0.243411263231 0.025 0.0231651103587)
(0.243457561006 0.025 0.023177544599)
(0.24351986733 0.025 0.0231942782714)
(0.243595787805 0.025 0.0232146683102)
(0.24368240485 0.025 0.0232379311377)
(0.243776389821 0.025 0.0232631727764)
(0.243874130927 0.025 0.0232894232044)
(0.243971872034 0.025 0.0233156736323)
(0.244065857004 0.025 0.023340915271)
(0.244152474049 0.025 0.0233641780985)
(0.244228394524 0.025 0.0233845681373)
(0.244290700848 0.025 0.0234013018097)
(0.244336998623 0.025 0.0234137360501)
(0.244365508652 0.025 0.0234213930175)
(0.243582485113 0.025 0.0263875905042)
(0.243572813788 0.025 0.0263849791249)
(0.243544171474 0.025 0.0263772453408)
(0.243497658881 0.025 0.026364686357)
(0.243435063462 0.025 0.0263477848082)
(0.243358790722 0.025 0.0263271902113)
(0.243271771781 0.025 0.0263036940052)
(0.243177350728 0.025 0.0262781991359)
(0.24307915611 0.025 0.026251685357)
(0.242980961493 0.025 0.0262251715781)
(0.24288654044 0.025 0.0261996767088)
(0.242799521499 0.025 0.0261761805027)
(0.242723248759 0.025 0.0261555859058)
(0.242660653339 0.025 0.026138684357)
(0.242614140746 0.025 0.0261261253731)
(0.242585498433 0.025 0.0261183915891)
(0.242575827107 0.025 0.0261157802098)
(0.242585498433 0.025 0.0261183915891)
(0.242614140746 0.025 0.0261261253731)
(0.242660653339 0.025 0.026138684357)
(0.242723248759 0.025 0.0261555859058)
(0.242799521499 0.025 0.0261761805027)
(0.24288654044 0.025 0.0261996767088)
(0.242980961493 0.025 0.0262251715781)
(0.24307915611 0.025 0.026251685357)
(0.243177350728 0.025 0.0262781991359)
(0.243271771781 0.025 0.0263036940052)
(0.243358790722 0.025 0.0263271902113)
(0.243435063462 0.025 0.0263477848082)
(0.243497658881 0.025 0.026364686357)
(0.243544171474 0.025 0.0263772453408)
(0.243572813788 0.025 0.0263849791249)
(0.242781807961 0.025 0.029365133277)
(0.242772090855 0.025 0.0293624951464)
(0.242743312961 0.025 0.0293546821364)
(0.242696580195 0.025 0.0293419944966)
(0.242633688473 0.025 0.0293249198059)
(0.242557054688 0.025 0.0293041142351)
(0.242469623834 0.025 0.0292803773306)
(0.242374755828 0.025 0.0292546212883)
(0.242276096396 0.025 0.0292278358985)
(0.242177436964 0.025 0.0292010505088)
(0.242082568959 0.025 0.0291752944665)
(0.241995138105 0.025 0.029151557562)
(0.24191850432 0.025 0.0291307519912)
(0.241855612598 0.025 0.0291136773005)
(0.241808879832 0.025 0.0291009896607)
(0.241780101938 0.025 0.0290931766507)
(0.241770384832 0.025 0.0290905385201)
(0.241780101938 0.025 0.0290931766507)
(0.241808879832 0.025 0.0291009896607)
(0.241855612598 0.025 0.0291136773005)
(0.24191850432 0.025 0.0291307519912)
(0.241995138105 0.025 0.029151557562)
(0.242082568959 0.025 0.0291752944665)
(0.242177436964 0.025 0.0292010505088)
(0.242276096396 0.025 0.0292278358985)
(0.242374755828 0.025 0.0292546212883)
(0.242469623834 0.025 0.0292803773306)
(0.242557054688 0.025 0.0293041142351)
(0.242633688473 0.025 0.0293249198059)
(0.242696580195 0.025 0.0293419944966)
(0.242743312961 0.025 0.0293546821364)
(0.242772090855 0.025 0.0293624951464)
(0.241972864423 0.025 0.0323568910911)
(0.241963100737 0.025 0.0323542255673)
(0.241934184892 0.025 0.0323463314306)
(0.241887228107 0.025 0.0323335120481)
(0.241824034905 0.025 0.0323162600616)
(0.241747033766 0.025 0.0322952384552)
(0.2416591838 0.025 0.0322712550774)
(0.241563861033 0.025 0.0322452315961)
(0.241464728664 0.025 0.032218168079)
(0.241365596295 0.025 0.0321911045619)
(0.241270273527 0.025 0.0321650810806)
(0.241182423561 0.025 0.0321410977029)
(0.241105422422 0.025 0.0321200760965)
(0.241042229221 0.025 0.0321028241099)
(0.240995272436 0.025 0.0320900047274)
(0.24096635659 0.025 0.0320821105907)
(0.240956592904 0.025 0.0320794450669)
(0.24096635659 0.025 0.0320821105907)
(0.240995272436 0.025 0.0320900047274)
(0.241042229221 0.025 0.0321028241099)
(0.241105422422 0.025 0.0321200760965)
(0.241182423561 0.025 0.0321410977029)
(0.241270273527 0.025 0.0321650810806)
(0.241365596295 0.025 0.0321911045619)
(0.241464728664 0.025 0.032218168079)
(0.241563861033 0.025 0.0322452315961)
(0.2416591838 0.025 0.0322712550774)
(0.241747033766 0.025 0.0322952384552)
(0.241824034905 0.025 0.0323162600616)
(0.241887228107 0.025 0.0323335120481)
(0.241934184892 0.025 0.0323463314306)
(0.241963100737 0.025 0.0323542255673)
(0.241155465662 0.025 0.0353630648496)
(0.241145654839 0.025 0.0353603714254)
(0.241116599395 0.025 0.0353523946595)
(0.241069415913 0.025 0.0353394410947)
(0.241005917629 0.025 0.035322008529)
(0.240928544746 0.025 0.0353007668864)
(0.24084027066 0.025 0.0352765324711)
(0.240744487696 0.025 0.0352502365981)
(0.240644876738 0.025 0.0352228898032)
(0.240545265781 0.025 0.0351955430082)
(0.240449482817 0.025 0.0351692471353)
(0.240361208731 0.025 0.03514501272)
(0.240283835848 0.025 0.0351237710773)
(0.240220337564 0.025 0.0351063385117)
(0.240173154082 0.025 0.0350933849468)
(0.240144098638 0.025 0.035085408181)
(0.240134287815 0.025 0.0350827147567)
(0.240144098638 0.025 0.035085408181)
(0.240173154082 0.025 0.0350933849468)
(0.240220337564 0.025 0.0351063385117)
(0.240283835848 0.025 0.0351237710773)
(0.240361208731 0.025 0.03514501272)
(0.240449482817 0.025 0.0351692471353)
(0.240545265781 0.025 0.0351955430082)
(0.240644876738 0.025 0.0352228898032)
(0.240744487696 0.025 0.0352502365981)
(0.24084027066 0.025 0.0352765324711)
(0.240928544746 0.025 0.0353007668864)
(0.241005917629 0.025 0.035322008529)
(0.241069415913 0.025 0.0353394410947)
(0.241116599395 0.025 0.0353523946595)
(0.241145654839 0.025 0.0353603714254)
(0.240329462495 0.025 0.038383790662)
(0.240319604167 0.025 0.0383810689357)
(0.240290408035 0.025 0.0383730083515)
(0.240242996089 0.025 0.0383599186729)
(0.240179190344 0.025 0.038342302929)
(0.240101442818 0.025 0.0383208380829)
(0.240012741306 0.025 0.0382963490167)
(0.239916494557 0.025 0.0382697768314)
(0.239816401279 0.025 0.0382421426812)
(0.239716308001 0.025 0.0382145085311)
(0.239620061252 0.025 0.0381879363458)
(0.23953135974 0.025 0.0381634472796)
(0.239453612214 0.025 0.0381419824335)
(0.239389806469 0.025 0.0381243666896)
(0.239342394523 0.025 0.038111277011)
(0.239313198391 0.025 0.0381032164267)
(0.239303340064 0.025 0.0381004947005)
(0.239313198391 0.025 0.0381032164267)
(0.239342394523 0.025 0.038111277011)
(0.239389806469 0.025 0.0381243666896)
(0.239453612214 0.025 0.0381419824335)
(0.23953135974 0.025 0.0381634472796)
(0.239620061252 0.025 0.0381879363458)
(0.239716308001 0.025 0.0382145085311)
(0.239816401279 0.025 0.0382421426812)
(0.239916494557 0.025 0.0382697768314)
(0.240012741306 0.025 0.0382963490167)
(0.240101442818 0.025 0.0383208380829)
(0.240179190344 0.025 0.038342302929)
(0.240242996089 0.025 0.0383599186729)
(0.240290408035 0.025 0.0383730083515)
(0.240319604167 0.025 0.0383810689357)
(0.239494736894 0.025 0.0414191542321)
(0.239484830842 0.025 0.0414164038856)
(0.23945549337 0.025 0.0414082585404)
(0.2394078519 0.025 0.0413950312176)
(0.239343737268 0.025 0.0413772302357)
(0.239265613363 0.025 0.0413555396765)
(0.239176482442 0.025 0.041330793096)
(0.239079769758 0.025 0.0413039414915)
(0.238979191923 0.025 0.041276016755)
(0.238878614089 0.025 0.0412480920185)
(0.238781901404 0.025 0.041221240414)
(0.238692770484 0.025 0.0411964938336)
(0.238614646578 0.025 0.0411748032744)
(0.238550531946 0.025 0.0411570022925)
(0.238502890477 0.025 0.0411437749697)
(0.238473553005 0.025 0.0411356296245)
(0.238463646953 0.025 0.041132879278)
(0.238473553005 0.025 0.0411356296245)
(0.238502890477 0.025 0.0411437749697)
(0.238550531946 0.025 0.0411570022925)
(0.238614646578 0.025 0.0411748032744)
(0.238692770484 0.025 0.0411964938336)
(0.238781901404 0.025 0.041221240414)
(0.238878614089 0.025 0.0412480920185)
(0.238979191923 0.025 0.041276016755)
(0.239079769758 0.025 0.0413039414915)
(0.239176482442 0.025 0.041330793096)
(0.239265613363 0.025 0.0413555396765)
(0.239343737268 0.025 0.0413772302357)
(0.2394078519 0.025 0.0413950312176)
(0.23945549337 0.025 0.0414082585404)
(0.239484830842 0.025 0.0414164038856)
(0.238651195422 0.025 0.044469201941)
(0.23864124154 0.025 0.0444664227221)
(0.238611762417 0.025 0.0444581918694)
(0.238563890918 0.025 0.0444448256898)
(0.238499466718 0.025 0.0444268378382)
(0.238420965604 0.025 0.0444049195776)
(0.238331404328 0.025 0.0443799132145)
(0.238234224682 0.025 0.0443527797293)
(0.238133161223 0.025 0.0443245618468)
(0.238032097764 0.025 0.0442963439642)
(0.237934918117 0.025 0.044269210479)
(0.237845356842 0.025 0.0442442041159)
(0.237766855728 0.025 0.0442222858553)
(0.237702431528 0.025 0.0442042980037)
(0.237654560029 0.025 0.0441909318241)
(0.237625080905 0.025 0.0441827009714)
(0.237615127024 0.025 0.0441799217525)
(0.237625080905 0.025 0.0441827009714)
(0.237654560029 0.025 0.0441909318241)
(0.237702431528 0.025 0.0442042980037)
(0.237766855728 0.025 0.0442222858553)
(0.237845356842 0.025 0.0442442041159)
(0.237934918117 0.025 0.044269210479)
(0.238032097764 0.025 0.0442963439642)
(0.238133161223 0.025 0.0443245618468)
(0.238234224682 0.025 0.0443527797293)
(0.238331404328 0.025 0.0443799132145)
(0.238420965604 0.025 0.0444049195776)
(0.238499466718 0.025 0.0444268378382)
(0.238563890918 0.025 0.0444448256898)
(0.238611762417 0.025 0.0444581918694)
(0.23864124154 0.025 0.0444664227221)
(0.237798764175 0.025 0.0475339493422)
(0.237788762448 0.025 0.0475311410518)
(0.23775914163 0.025 0.0475228241015)
(0.237711040031 0.025 0.0475093181072)
(0.237646306168 0.025 0.0474911420966)
(0.237567427729 0.025 0.0474689945635)
(0.237477435967 0.025 0.0474437266254)
(0.237379789215 0.025 0.0474163093148)
(0.237278239982 0.025 0.0473877962636)
(0.23717669075 0.025 0.0473592832125)
(0.237079043998 0.025 0.0473318659019)
(0.236989052236 0.025 0.0473065979637)
(0.236910173796 0.025 0.0472844504307)
(0.236845439934 0.025 0.0472662744201)
(0.236797338335 0.025 0.0472527684257)
(0.236767717516 0.025 0.0472444514755)
(0.23675771579 0.025 0.0472416431851)
(0.236767717516 0.025 0.0472444514755)
(0.236797338335 0.025 0.0472527684257)
(0.236845439934 0.025 0.0472662744201)
(0.236910173796 0.025 0.0472844504307)
(0.236989052236 0.025 0.0473065979637)
(0.237079043998 0.025 0.0473318659019)
(0.23717669075 0.025 0.0473592832125)
(0.237278239982 0.025 0.0473877962636)
(0.237379789215 0.025 0.0474163093148)
(0.237477435967 0.025 0.0474437266254)
(0.237567427729 0.025 0.0474689945635)
(0.237646306168 0.025 0.0474911420966)
(0.237711040031 0.025 0.0475093181072)
(0.23775914163 0.025 0.0475228241015)
(0.237788762448 0.025 0.0475311410518)
(0.236937384902 0.025 0.0506133876182)
(0.236927335388 0.025 0.0506105500999)
(0.236897573044 0.025 0.0506021465893)
(0.23684924162 0.025 0.0505885000286)
(0.236784198465 0.025 0.0505701348475)
(0.236704943152 0.025 0.0505477568095)
(0.236614521417 0.025 0.0505222258901)
(0.236516408118 0.025 0.0504945232283)
(0.236414373693 0.025 0.0504657134218)
(0.236312339268 0.025 0.0504369036152)
(0.236214225968 0.025 0.0504092009534)
(0.236123804234 0.025 0.050383670034)
(0.23604454892 0.025 0.050361291996)
(0.235979505766 0.025 0.0503429268149)
(0.235931174342 0.025 0.0503292802542)
(0.235901411998 0.025 0.0503208767436)
(0.235891362484 0.025 0.0503180392253)
(0.235901411998 0.025 0.0503208767436)
(0.235931174342 0.025 0.0503292802542)
(0.235979505766 0.025 0.0503429268149)
(0.23604454892 0.025 0.050361291996)
(0.236123804234 0.025 0.050383670034)
(0.236214225968 0.025 0.0504092009534)
(0.236312339268 0.025 0.0504369036152)
(0.236414373693 0.025 0.0504657134218)
(0.236516408118 0.025 0.0504945232283)
(0.236614521417 0.025 0.0505222258901)
(0.236704943152 0.025 0.0505477568095)
(0.236784198465 0.025 0.0505701348475)
(0.23684924162 0.025 0.0505885000286)
(0.236897573044 0.025 0.0506021465893)
(0.236927335388 0.025 0.0506105500999)
(0.236067012103 0.025 0.053707488419)
(0.236056914917 0.025 0.0537046215521)
(0.236027011389 0.025 0.0536961311235)
(0.235978450694 0.025 0.0536823434156)
(0.235913098993 0.025 0.0536637882823)
(0.235833467714 0.025 0.0536411787869)
(0.235742617044 0.025 0.0536153837997)
(0.235644038323 0.025 0.0535873946076)
(0.235541519875 0.025 0.0535582868195)
(0.235439001427 0.025 0.0535291790314)
(0.235340422705 0.025 0.0535011898393)
(0.235249572035 0.025 0.0534753948521)
(0.235169940757 0.025 0.0534527853567)
(0.235104589056 0.025 0.0534342302234)
(0.235056028361 0.025 0.0534204425155)
(0.235026124832 0.025 0.0534119520869)
(0.235016027647 0.025 0.05340908522)
(0.235026124832 0.025 0.0534119520869)
(0.235056028361 0.025 0.0534204425155)
(0.235104589056 0.025 0.0534342302234)
(0.235169940757 0.025 0.0534527853567)
(0.235249572035 0.025 0.0534753948521)
(0.235340422705 0.025 0.0535011898393)
(0.235439001427 0.025 0.0535291790314)
(0.235541519875 0.025 0.0535582868195)
(0.235644038323 0.025 0.0535873946076)
(0.235742617044 0.025 0.0536153837997)
(0.235833467714 0.025 0.0536411787869)
(0.235913098993 0.025 0.0536637882823)
(0.235978450694 0.025 0.0536823434156)
(0.236027011389 0.025 0.0536961311235)
(0.236056914917 0.025 0.0537046215521)
(0.235187610875 0.025 0.0568162073962)
(0.23517746618 0.025 0.0568133110902)
(0.235147421952 0.025 0.0568047334755)
(0.235098632772 0.025 0.0567908041851)
(0.235032973581 0.025 0.0567720585138)
(0.234952967626 0.025 0.0567492168473)
(0.23486168949 0.025 0.0567231569779)
(0.234762646941 0.025 0.0566948803718)
(0.234659646128 0.025 0.0566654736832)
(0.234556645316 0.025 0.0566360669946)
(0.234457602767 0.025 0.0566077903886)
(0.234366324631 0.025 0.0565817305192)
(0.234286318676 0.025 0.0565588888527)
(0.234220659485 0.025 0.0565401431814)
(0.234171870305 0.025 0.056526213891)
(0.234141826076 0.025 0.0565176362763)
(0.234131681382 0.025 0.0565147399703)
(0.234141826076 0.025 0.0565176362763)
(0.234171870305 0.025 0.056526213891)
(0.234220659485 0.025 0.0565401431814)
(0.234286318676 0.025 0.0565588888527)
(0.234366324631 0.025 0.0565817305192)
(0.234457602767 0.025 0.0566077903886)
(0.234556645316 0.025 0.0566360669946)
(0.234659646128 0.025 0.0566654736832)
(0.234762646941 0.025 0.0566948803718)
(0.23486168949 0.025 0.0567231569779)
(0.234952967626 0.025 0.0567492168473)
(0.235032973581 0.025 0.0567720585138)
(0.235098632772 0.025 0.0567908041851)
(0.235147421952 0.025 0.0568047334755)
(0.23517746618 0.025 0.0568133110902)
(0.234299155418 0.025 0.0599394866631)
(0.23428896342 0.025 0.0599365608543)
(0.234258779097 0.025 0.0599278958649)
(0.234209762416 0.025 0.0599138246858)
(0.234143797061 0.025 0.0598948880644)
(0.234063418043 0.025 0.0598718137245)
(0.233971714283 0.025 0.0598454883999)
(0.233872209905 0.025 0.0598169237583)
(0.233768728807 0.025 0.0597872175226)
(0.233665247709 0.025 0.059757511287)
(0.233565743331 0.025 0.0597289466453)
(0.233474039571 0.025 0.0597026213207)
(0.233393660553 0.025 0.0596795469808)
(0.233327695198 0.025 0.0596606103594)
(0.233278678518 0.025 0.0596465391803)
(0.233248494194 0.025 0.059637874191)
(0.233238302196 0.025 0.0596349483821)
(0.233248494194 0.025 0.059637874191)
(0.233278678518 0.025 0.0596465391803)
(0.233327695198 0.025 0.0596606103594)
(0.233393660553 0.025 0.0596795469808)
(0.233474039571 0.025 0.0597026213207)
(0.233565743331 0.025 0.0597289466453)
(0.233665247709 0.025 0.059757511287)
(0.233768728807 0.025 0.0597872175226)
(0.233872209905 0.025 0.0598169237583)
(0.233971714283 0.025 0.0598454883999)
(0.234063418043 0.025 0.0598718137245)
(0.234143797061 0.025 0.0598948880644)
(0.234209762416 0.025 0.0599138246858)
(0.234258779097 0.025 0.0599278958649)
(0.23428896342 0.025 0.0599365608543)
(0.23340162809 0.025 0.0630772563409)
(0.233391389029 0.025 0.0630743009906)
(0.233361065329 0.025 0.0630655485121)
(0.233311822312 0.025 0.0630513352584)
(0.23324555236 0.025 0.0630322074367)
(0.23316480219 0.025 0.0630089001186)
(0.233072674985 0.025 0.0629823089912)
(0.232972711143 0.025 0.0629534559365)
(0.232868752217 0.025 0.0629234497614)
(0.232764793292 0.025 0.0628934435863)
(0.23266482945 0.025 0.0628645905316)
(0.232572702245 0.025 0.0628379994042)
(0.232491952075 0.025 0.0628146920861)
(0.232425682123 0.025 0.0627955642644)
(0.232376439106 0.025 0.0627813510107)
(0.232346115406 0.025 0.0627725985322)
(0.232335876345 0.025 0.0627696431819)
(0.232346115406 0.025 0.0627725985322)
(0.232376439106 0.025 0.0627813510107)
(0.232425682123 0.025 0.0627955642644)
(0.232491952075 0.025 0.0628146920861)
(0.232572702245 0.025 0.0628379994042)
(0.23266482945 0.025 0.0628645905316)
(0.232764793292 0.025 0.0628934435863)
(0.232868752217 0.025 0.0629234497614)
(0.232972711143 0.025 0.0629534559365)
(0.233072674985 0.025 0.0629823089912)
(0.23316480219 0.025 0.0630089001186)
(0.23324555236 0.025 0.0630322074367)
(0.233311822312 0.025 0.0630513352584)
(0.233361065329 0.025 0.0630655485121)
(0.233391389029 0.025 0.0630743009906)
(0.232495018948 0.025 0.0662294352893)
(0.232484733104 0.025 0.0662264503836)
(0.232454270851 0.025 0.066217610375)
(0.232404802836 0.025 0.0662032549799)
(0.232338230088 0.025 0.0661839358681)
(0.23225711096 0.025 0.0661603954623)
(0.232164562814 0.025 0.066133538407)
(0.232064142224 0.025 0.0661043968039)
(0.231959708297 0.025 0.0660740905484)
(0.231855274369 0.025 0.0660437842929)
(0.231754853779 0.025 0.0660146426897)
(0.231662305633 0.025 0.0659877856345)
(0.231581186505 0.025 0.0659642452287)
(0.231514613757 0.025 0.0659449261169)
(0.231465145742 0.025 0.0659305707218)
(0.231434683489 0.025 0.0659217307131)
(0.231424397645 0.025 0.0659187458075)
(0.231434683489 0.025 0.0659217307131)
(0.231465145742 0.025 0.0659305707218)
(0.231514613757 0.025 0.0659449261169)
(0.231581186505 0.025 0.0659642452287)
(0.231662305633 0.025 0.0659877856345)
(0.231754853779 0.025 0.0660146426897)
(0.231855274369 0.025 0.0660437842929)
(0.231959708297 0.025 0.0660740905484)
(0.232064142224 0.025 0.0661043968039)
(0.232164562814 0.025 0.066133538407)
(0.23225711096 0.025 0.0661603954623)
(0.232338230088 0.025 0.0661839358681)
(0.232404802836 0.025 0.0662032549799)
(0.232454270851 0.025 0.066217610375)
(0.232484733104 0.025 0.0662264503836)
(0.23157932579 0.025 0.0693959310681)
(0.231568993477 0.025 0.0693929166193)
(0.231538393606 0.025 0.0693839891165)
(0.231488702111 0.025 0.0693694916385)
(0.231421828608 0.025 0.0693499813154)
(0.23134034301 0.025 0.0693262079179)
(0.231247376761 0.025 0.0692990850444)
(0.231146502503 0.025 0.0692696550116)
(0.231041596777 0.025 0.0692390487993)
(0.23093669105 0.025 0.0692084425869)
(0.230835816792 0.025 0.0691790125541)
(0.230742850543 0.025 0.0691518896806)
(0.230661364945 0.025 0.0691281162831)
(0.230594491443 0.025 0.06910860596)
(0.230544799947 0.025 0.069094108482)
(0.230514200076 0.025 0.0690851809792)
(0.230503867764 0.025 0.0690821665304)
(0.230514200076 0.025 0.0690851809792)
(0.230544799947 0.025 0.069094108482)
(0.230594491443 0.025 0.06910860596)
(0.230661364945 0.025 0.0691281162831)
(0.230742850543 0.025 0.0691518896806)
(0.230835816792 0.025 0.0691790125541)
(0.23093669105 0.025 0.0692084425869)
(0.231041596777 0.025 0.0692390487993)
(0.231146502503 0.025 0.0692696550116)
(0.231247376761 0.025 0.0692990850444)
(0.23134034301 0.025 0.0693262079179)
(0.231421828608 0.025 0.0693499813154)
(0.231488702111 0.025 0.0693694916385)
(0.231538393606 0.025 0.0693839891165)
(0.231568993477 0.025 0.0693929166193)
(0.230654554658 0.025 0.0725766391232)
(0.230644176234 0.025 0.0725735951724)
(0.230613439799 0.025 0.0725645802973)
(0.230563526537 0.025 0.0725499409345)
(0.230496354586 0.025 0.0725302396665)
(0.230414505327 0.025 0.072506233602)
(0.230321124181 0.025 0.0724788452805)
(0.230219799734 0.025 0.07244912722)
(0.230114425826 0.025 0.0724182214688)
(0.230009051918 0.025 0.0723873157176)
(0.22990772747 0.025 0.0723575976571)
(0.229814346325 0.025 0.0723302093357)
(0.229732497066 0.025 0.0723062032712)
(0.229665325115 0.025 0.0722865020032)
(0.229615411853 0.025 0.0722718626404)
(0.229584675418 0.025 0.0722628477653)
(0.229574296994 0.025 0.0722598038145)
(0.229584675418 0.025 0.0722628477653)
(0.229615411853 0.025 0.0722718626404)
(0.229665325115 0.025 0.0722865020032)
(0.229732497066 0.025 0.0723062032712)
(0.229814346325 0.025 0.0723302093357)
(0.22990772747 0.025 0.0723575976571)
(0.230009051918 0.025 0.0723873157176)
(0.230114425826 0.025 0.0724182214688)
(0.230219799734 0.025 0.07244912722)
(0.230321124181 0.025 0.0724788452806)
(0.230414505327 0.025 0.072506233602)
(0.230496354586 0.025 0.0725302396665)
(0.230563526537 0.025 0.0725499409345)
(0.230613439799 0.025 0.0725645802973)
(0.230644176234 0.025 0.0725735951724)
(0.229720720892 0.025 0.0757714411372)
(0.229710296759 0.025 0.0757683677594)
(0.229679424956 0.025 0.0757592657341)
(0.229629291867 0.025 0.0757444848472)
(0.229561824081 0.025 0.0757245931197)
(0.229479614344 0.025 0.0757003549796)
(0.229385821933 0.025 0.0756727018851)
(0.229284051236 0.025 0.075642696529)
(0.229178213244 0.025 0.0756114920004)
(0.229072375253 0.025 0.0755802874718)
(0.228970604556 0.025 0.0755502821157)
(0.228876812144 0.025 0.0755226290211)
(0.228794602408 0.025 0.0754983908811)
(0.228727134621 0.025 0.0754784991536)
(0.228677001533 0.025 0.0754637182666)
(0.228646129729 0.025 0.0754546162413)
(0.228635705597 0.025 0.0754515428635)
(0.228646129729 0.025 0.0754546162413)
(0.228677001533 0.025 0.0754637182666)
(0.228727134621 0.025 0.0754784991536)
(0.228794602408 0.025 0.0754983908811)
(0.228876812144 0.025 0.0755226290211)
(0.228970604556 0.025 0.0755502821157)
(0.229072375253 0.025 0.0755802874718)
(0.229178213244 0.025 0.0756114920004)
(0.229284051236 0.025 0.075642696529)
(0.229385821933 0.025 0.0756727018851)
(0.229479614344 0.025 0.0757003549796)
(0.229561824081 0.025 0.0757245931197)
(0.229629291867 0.025 0.0757444848472)
(0.229679424956 0.025 0.0757592657341)
(0.229710296759 0.025 0.0757683677594)
(0.22877785078 0.025 0.0789802024327)
(0.2287673814 0.025 0.0789770997438)
(0.228736375592 0.025 0.0789679109116)
(0.228686024893 0.025 0.0789529890578)
(0.228618264251 0.025 0.0789329076209)
(0.22853569767 0.025 0.0789084383193)
(0.228441498138 0.025 0.0788805214944)
(0.228339285688 0.025 0.0788502299742)
(0.22823298829 0.025 0.0788187278449)
(0.228126690891 0.025 0.0787872257155)
(0.228024478442 0.025 0.0787569341954)
(0.227930278909 0.025 0.0787290173705)
(0.227847712328 0.025 0.0787045480688)
(0.227779951686 0.025 0.0786844666319)
(0.227729600987 0.025 0.0786695447781)
(0.22769859518 0.025 0.0786603559459)
(0.2276881258 0.025 0.078657253257)
(0.22769859518 0.025 0.0786603559459)
(0.227729600987 0.025 0.0786695447781)
(0.227779951686 0.025 0.0786844666319)
(0.227847712328 0.025 0.0787045480688)
(0.227930278909 0.025 0.0787290173705)
(0.228024478442 0.025 0.0787569341954)
(0.228126690891 0.025 0.0787872257155)
(0.22823298829 0.025 0.0788187278449)
(0.228339285688 0.025 0.0788502299742)
(0.228441498138 0.025 0.0788805214944)
(0.22853569767 0.025 0.0789084383193)
(0.228618264251 0.025 0.0789329076209)
(0.228686024893 0.025 0.0789529890578)
(0.228736375592 0.025 0.0789679109116)
(0.2287673814 0.025 0.0789770997438)
(0.227825983946 0.025 0.0822027682437)
(0.227815469849 0.025 0.0821996364103)
(0.227784331611 0.025 0.0821903612646)
(0.227733765856 0.025 0.0821752992454)
(0.227665715798 0.025 0.0821550291775)
(0.227582796563 0.025 0.0821303300284)
(0.227488194689 0.025 0.0821021509724)
(0.227385545675 0.025 0.0820715749148)
(0.227278794263 0.025 0.0820397768765)
(0.227172042852 0.025 0.0820079788382)
(0.227069393838 0.025 0.0819774027807)
(0.226974791964 0.025 0.0819492237247)
(0.226891872728 0.025 0.0819245245755)
(0.22682382267 0.025 0.0819042545076)
(0.226773256915 0.025 0.0818891924884)
(0.226742118677 0.025 0.0818799173427)
(0.226731604581 0.025 0.0818767855093)
(0.226742118677 0.025 0.0818799173427)
(0.226773256915 0.025 0.0818891924884)
(0.22682382267 0.025 0.0819042545076)
(0.226891872728 0.025 0.0819245245755)
(0.226974791964 0.025 0.0819492237247)
(0.227069393838 0.025 0.0819774027807)
(0.227172042852 0.025 0.0820079788382)
(0.227278794263 0.025 0.0820397768765)
(0.227385545675 0.025 0.0820715749148)
(0.227488194689 0.025 0.0821021509724)
(0.227582796563 0.025 0.0821303300284)
(0.227665715798 0.025 0.0821550291775)
(0.227733765856 0.025 0.0821752992454)
(0.227784331611 0.025 0.0821903612646)
(0.227815469849 0.025 0.0821996364103)
(0.226865176643 0.025 0.0854389585993)
(0.226854618451 0.025 0.0854357978521)
(0.22682334962 0.025 0.085426437076)
(0.226772571794 0.025 0.0854112360006)
(0.226704236336 0.025 0.0853907787946)
(0.226620969339 0.025 0.085365851617)
(0.226525970708 0.025 0.0853374124052)
(0.226422891186 0.025 0.0853065540621)
(0.226315692062 0.025 0.0852744624567)
(0.226208492939 0.025 0.0852423708513)
(0.226105413417 0.025 0.0852115125082)
(0.226010414786 0.025 0.0851830732964)
(0.225927147789 0.025 0.0851581461188)
(0.225858812331 0.025 0.0851376889128)
(0.225808034505 0.025 0.0851224878373)
(0.225776765674 0.025 0.0851131270613)
(0.225766207482 0.025 0.0851099663141)
(0.225776765674 0.025 0.0851131270613)
(0.225808034505 0.025 0.0851224878373)
(0.225858812331 0.025 0.0851376889128)
(0.225927147789 0.025 0.0851581461188)
(0.226010414786 0.025 0.0851830732964)
(0.226105413417 0.025 0.0852115125082)
(0.226208492939 0.025 0.0852423708513)
(0.226315692062 0.025 0.0852744624567)
(0.226422891186 0.025 0.0853065540621)
(0.226525970708 0.025 0.0853374124052)
(0.226620969339 0.025 0.085365851617)
(0.226704236336 0.025 0.0853907787946)
(0.226772571794 0.025 0.0854112360006)
(0.22682334962 0.025 0.085426437076)
(0.226854618451 0.025 0.0854357978521)
(0.225895506183 0.025 0.0886885614647)
(0.225884904629 0.025 0.088685372116)
(0.22585350738 0.025 0.0886759266348)
(0.225802521015 0.025 0.0886605880056)
(0.22573390491 0.025 0.0886399456833)
(0.225650295945 0.025 0.0886147929409)
(0.225554907165 0.025 0.0885860963841)
(0.225451404307 0.025 0.0885549588054)
(0.225343764927 0.025 0.0885225768046)
(0.225236125548 0.025 0.0884901948038)
(0.22513262269 0.025 0.0884590572252)
(0.22503723391 0.025 0.0884303606684)
(0.224953624944 0.025 0.0884052079259)
(0.22488500884 0.025 0.0883845656037)
(0.224834022474 0.025 0.0883692269745)
(0.224802625226 0.025 0.0883597814933)
(0.224792023672 0.025 0.0883565921446)
(0.224802625226 0.025 0.0883597814933)
(0.224834022474 0.025 0.0883692269745)
(0.22488500884 0.025 0.0883845656037)
(0.224953624944 0.025 0.0884052079259)
(0.22503723391 0.025 0.0884303606684)
(0.22513262269 0.025 0.0884590572252)
(0.225236125548 0.025 0.0884901948038)
(0.225343764927 0.025 0.0885225768046)
(0.225451404307 0.025 0.0885549588054)
(0.225554907165 0.025 0.0885860963841)
(0.225650295945 0.025 0.0886147929409)
(0.22573390491 0.025 0.0886399456833)
(0.225802521015 0.025 0.0886605880056)
(0.22585350738 0.025 0.0886759266348)
(0.225884904629 0.025 0.088685372116)
(0.224917076828 0.025 0.0919513236615)
(0.224906432794 0.025 0.0919481061289)
(0.224874909737 0.025 0.091938577179)
(0.224823719069 0.025 0.0919231030041)
(0.22475482802 0.025 0.091902278268)
(0.224670884034 0.025 0.0918769032536)
(0.224575113031 0.025 0.0918479531086)
(0.224471195437 0.025 0.0918165403707)
(0.224363124747 0.025 0.0917838722138)
(0.224255054057 0.025 0.091751204057)
(0.224151136463 0.025 0.0917197913191)
(0.224055365461 0.025 0.0916908411741)
(0.223971421474 0.025 0.0916654661597)
(0.223902530425 0.025 0.0916446414236)
(0.223851339758 0.025 0.0916291672487)
(0.2238198167 0.025 0.0916196382988)
(0.223809172666 0.025 0.0916164207662)
(0.2238198167 0.025 0.0916196382988)
(0.223851339758 0.025 0.0916291672487)
(0.223902530425 0.025 0.0916446414236)
(0.223971421474 0.025 0.0916654661597)
(0.224055365461 0.025 0.0916908411741)
(0.224151136463 0.025 0.0917197913191)
(0.224255054057 0.025 0.091751204057)
(0.224363124747 0.025 0.0917838722138)
(0.224471195437 0.025 0.0918165403707)
(0.224575113031 0.025 0.0918479531086)
(0.224670884034 0.025 0.0918769032536)
(0.22475482802 0.025 0.091902278268)
(0.224823719069 0.025 0.0919231030041)
(0.224874909737 0.025 0.091938577179)
(0.224906432794 0.025 0.0919481061289)
(0.223930027569 0.025 0.0952269389363)
(0.223919342125 0.025 0.0952236937732)
(0.223887696429 0.025 0.0952140829937)
(0.223836306606 0.025 0.0951984759346)
(0.223767147539 0.025 0.0951774723666)
(0.223682876973 0.025 0.0951518794448)
(0.223586733377 0.025 0.095122680691)
(0.223482411496 0.025 0.0950909981969)
(0.223373920362 0.025 0.095058049503)
(0.223265429228 0.025 0.0950251008091)
(0.223161107347 0.025 0.094993418315)
(0.223064963751 0.025 0.0949642195612)
(0.222980693185 0.025 0.0949386266394)
(0.222911534118 0.025 0.0949176230713)
(0.222860144296 0.025 0.0949020160123)
(0.222828498599 0.025 0.0948924052328)
(0.222817813155 0.025 0.0948891600697)
(0.222828498599 0.025 0.0948924052328)
(0.222860144296 0.025 0.0949020160123)
(0.222911534118 0.025 0.0949176230713)
(0.222980693185 0.025 0.0949386266394)
(0.223064963751 0.025 0.0949642195612)
(0.223161107347 0.025 0.094993418315)
(0.223265429228 0.025 0.0950251008091)
(0.223373920362 0.025 0.095058049503)
(0.223482411496 0.025 0.0950909981969)
(0.223586733377 0.025 0.095122680691)
(0.223682876973 0.025 0.0951518794448)
(0.223767147539 0.025 0.0951774723666)
(0.223836306606 0.025 0.0951984759346)
(0.223887696429 0.025 0.0952140829937)
(0.223919342125 0.025 0.0952236937732)
(0.22293454232 0.025 0.0985150323432)
(0.222923816781 0.025 0.0985117602792)
(0.222892052341 0.025 0.0985020698308)
(0.22284046969 0.025 0.0984863333964)
(0.222771051119 0.025 0.0984651557184)
(0.222686464346 0.025 0.098439350643)
(0.222589959993 0.025 0.098409909845)
(0.222485246668 0.025 0.0983779647176)
(0.222376348445 0.025 0.0983447428941)
(0.222267450222 0.025 0.0983115210706)
(0.222162736897 0.025 0.0982795759432)
(0.222066232544 0.025 0.0982501351451)
(0.221981645771 0.025 0.0982243300698)
(0.221912227201 0.025 0.0982031523918)
(0.221860644549 0.025 0.0981874159574)
(0.221828880109 0.025 0.0981777255089)
(0.22181815457 0.025 0.0981744534449)
(0.221828880109 0.025 0.0981777255089)
(0.221860644549 0.025 0.0981874159574)
(0.221912227201 0.025 0.0982031523918)
(0.221981645771 0.025 0.0982243300698)
(0.222066232544 0.025 0.0982501351451)
(0.222162736897 0.025 0.0982795759432)
(0.222267450222 0.025 0.0983115210706)
(0.222376348445 0.025 0.0983447428941)
(0.222485246668 0.025 0.0983779647176)
(0.222589959993 0.025 0.098409909845)
(0.222686464346 0.025 0.098439350643)
(0.222771051119 0.025 0.0984651557184)
(0.22284046969 0.025 0.0984863333964)
(0.222892052341 0.025 0.0985020698308)
(0.222923816781 0.025 0.0985117602792)
(0.221930863274 0.025 0.101815139844)
(0.221920099274 0.025 0.101811841837)
(0.221888220928 0.025 0.101802074558)
(0.221836453304 0.025 0.101786213358)
(0.221766785803 0.025 0.101764867773)
(0.221681895707 0.025 0.101738858102)
(0.221585045294 0.025 0.101709183883)
(0.221479956473 0.025 0.101676985479)
(0.221370667748 0.025 0.101643500256)
(0.221261379022 0.025 0.101610015034)
(0.221156290201 0.025 0.10157781663)
(0.221059439789 0.025 0.10154814241)
(0.220974549693 0.025 0.10152213274)
(0.220904882191 0.025 0.101500787155)
(0.220853114567 0.025 0.101484925954)
(0.220821236222 0.025 0.101475158675)
(0.220810472222 0.025 0.101471860668)
(0.220821236222 0.025 0.101475158675)
(0.220853114567 0.025 0.101484925954)
(0.220904882191 0.025 0.101500787155)
(0.220974549693 0.025 0.10152213274)
(0.221059439789 0.025 0.10154814241)
(0.221156290201 0.025 0.10157781663)
(0.221261379022 0.025 0.101610015034)
(0.221370667748 0.025 0.101643500256)
(0.221479956473 0.025 0.101676985479)
(0.221585045294 0.025 0.101709183883)
(0.221681895707 0.025 0.101738858102)
(0.221766785803 0.025 0.101764867773)
(0.221836453304 0.025 0.101786213358)
(0.221888220928 0.025 0.101802074558)
(0.221920099274 0.025 0.101811841837)
(0.22091930835 0.025 0.105126681688)
(0.220908507936 0.025 0.105123358995)
(0.220876521747 0.025 0.105113518604)
(0.220824578995 0.025 0.105097538677)
(0.220754675811 0.025 0.105076033314)
(0.220669498534 0.025 0.105049828952)
(0.220572320481 0.025 0.105019932612)
(0.220466876148 0.025 0.104987493192)
(0.220357217702 0.025 0.104953757322)
(0.220247559257 0.025 0.104920021451)
(0.220142114924 0.025 0.104887582032)
(0.220044936871 0.025 0.104857685691)
(0.219959759594 0.025 0.10483148133)
(0.21988985641 0.025 0.104809975966)
(0.219837913658 0.025 0.104793996039)
(0.219805927469 0.025 0.104784155649)
(0.219795127055 0.025 0.104780832956)
(0.219805927469 0.025 0.104784155649)
(0.219837913658 0.025 0.104793996039)
(0.21988985641 0.025 0.104809975966)
(0.219959759594 0.025 0.10483148133)
(0.220044936871 0.025 0.104857685691)
(0.220142114924 0.025 0.104887582032)
(0.220247559257 0.025 0.104920021451)
(0.220357217702 0.025 0.104953757322)
(0.220466876148 0.025 0.104987493192)
(0.220572320481 0.025 0.105019932612)
(0.220669498534 0.025 0.105049828952)
(0.220754675811 0.025 0.105076033314)
(0.220824578995 0.025 0.105097538677)
(0.220876521747 0.025 0.105113518604)
(0.220908507936 0.025 0.105123358995)
(0.21990029393 0.025 0.108448927684)
(0.219889459687 0.025 0.108445581947)
(0.219857373309 0.025 0.10843567331)
(0.219805267859 0.025 0.108419582559)
(0.21973514572 0.025 0.108397928049)
(0.219649701647 0.025 0.108371541954)
(0.219552219207 0.025 0.108341438274)
(0.219446444595 0.025 0.108308773879)
(0.219336442672 0.025 0.108274804041)
(0.219226440748 0.025 0.108240834204)
(0.219120666137 0.025 0.108208169808)
(0.219023183697 0.025 0.108178066129)
(0.218937739623 0.025 0.108151680033)
(0.218867617484 0.025 0.108130025524)
(0.218815512035 0.025 0.108113934772)
(0.218783425657 0.025 0.108104026136)
(0.218772591413 0.025 0.108100680399)
(0.218783425657 0.025 0.108104026136)
(0.218815512035 0.025 0.108113934772)
(0.218867617484 0.025 0.108130025524)
(0.218937739623 0.025 0.108151680033)
(0.219023183697 0.025 0.108178066129)
(0.219120666137 0.025 0.108208169808)
(0.219226440748 0.025 0.108240834204)
(0.219336442672 0.025 0.108274804041)
(0.219446444595 0.025 0.108308773879)
(0.219552219207 0.025 0.108341438274)
(0.219649701647 0.025 0.108371541954)
(0.21973514572 0.025 0.108397928049)
(0.219805267859 0.025 0.108419582559)
(0.219857373309 0.025 0.10843567331)
(0.219889459687 0.025 0.108445581947)
(0.218874364477 0.025 0.111780951882)
(0.218863499687 0.025 0.111777585248)
(0.218831322848 0.025 0.111767614723)
(0.218779070496 0.025 0.111751423469)
(0.21870875066 0.025 0.111729633706)
(0.218623065692 0.025 0.111703082804)
(0.218525308418 0.025 0.111672791098)
(0.218419235593 0.025 0.111639922682)
(0.218308923539 0.025 0.111605740671)
(0.218198611484 0.025 0.111571558659)
(0.21809253866 0.025 0.111538690243)
(0.217994781385 0.025 0.111508398537)
(0.217909096417 0.025 0.111481847635)
(0.217838776582 0.025 0.111460057873)
(0.21778652423 0.025 0.111443866619)
(0.21775434739 0.025 0.111433896094)
(0.217743482601 0.025 0.111430529459)
(0.21775434739 0.025 0.111433896094)
(0.21778652423 0.025 0.111443866619)
(0.217838776582 0.025 0.111460057873)
(0.217909096417 0.025 0.111481847635)
(0.217994781385 0.025 0.111508398537)
(0.21809253866 0.025 0.111538690243)
(0.218198611484 0.025 0.111571558659)
(0.218308923539 0.025 0.111605740671)
(0.218419235593 0.025 0.111639922682)
(0.218525308418 0.025 0.111672791098)
(0.218623065692 0.025 0.111703082804)
(0.21870875066 0.025 0.111729633706)
(0.218779070496 0.025 0.111751423469)
(0.218831322848 0.025 0.111767614723)
(0.218863499687 0.025 0.111777585248)
(0.217842230992 0.025 0.115121573406)
(0.217831339854 0.025 0.115118188676)
(0.21779908498 0.025 0.115108164558)
(0.217746705907 0.025 0.115091886274)
(0.217676215533 0.025 0.115069979389)
(0.217590322764 0.025 0.115043285773)
(0.217492328411 0.025 0.115012831246)
(0.217385998342 0.025 0.114979786159)
(0.217275418761 0.025 0.114945420415)
(0.21716483918 0.025 0.114911054671)
(0.217058509111 0.025 0.114878009584)
(0.216960514758 0.025 0.114847555057)
(0.216874621989 0.025 0.114820861441)
(0.216804131615 0.025 0.114798954556)
(0.216751752542 0.025 0.114782676272)
(0.216719497668 0.025 0.114772652155)
(0.21670860653 0.025 0.114769267424)
(0.216719497668 0.025 0.114772652155)
(0.216751752542 0.025 0.114782676272)
(0.216804131615 0.025 0.114798954556)
(0.216874621989 0.025 0.114820861441)
(0.216960514758 0.025 0.114847555057)
(0.217058509111 0.025 0.114878009584)
(0.21716483918 0.025 0.114911054671)
(0.217275418761 0.025 0.114945420415)
(0.217385998342 0.025 0.114979786159)
(0.217492328411 0.025 0.115012831246)
(0.217590322764 0.025 0.115043285773)
(0.217676215533 0.025 0.115069979389)
(0.217746705907 0.025 0.115091886274)
(0.21779908498 0.025 0.115108164558)
(0.217831339854 0.025 0.115118188676)
(0.216804820908 0.025 0.11846927912)
(0.216793908806 0.025 0.118465879946)
(0.216761591847 0.025 0.118455813052)
(0.216709111952 0.025 0.118439465304)
(0.216638485896 0.025 0.118417464937)
(0.216552427797 0.025 0.118390657411)
(0.21645424482 0.025 0.118360072925)
(0.216347710082 0.025 0.118326886825)
(0.216236917653 0.025 0.118292374432)
(0.216126125224 0.025 0.11825786204)
(0.216019590486 0.025 0.118224675939)
(0.215921407509 0.025 0.118194091454)
(0.215835349411 0.025 0.118167283928)
(0.215764723354 0.025 0.11814528356)
(0.21571224346 0.025 0.118128935812)
(0.2156799265 0.025 0.118118868918)
(0.215669014398 0.025 0.118115469745)
(0.2156799265 0.025 0.118118868918)
(0.21571224346 0.025 0.118128935812)
(0.215764723354 0.025 0.11814528356)
(0.215835349411 0.025 0.118167283928)
(0.215921407509 0.025 0.118194091454)
(0.216019590486 0.025 0.118224675939)
(0.216126125224 0.025 0.11825786204)
(0.216236917653 0.025 0.118292374432)
(0.216347710082 0.025 0.118326886825)
(0.21645424482 0.025 0.118360072925)
(0.216552427797 0.025 0.118390657411)
(0.216638485896 0.025 0.118417464937)
(0.216709111952 0.025 0.118439465304)
(0.216761591847 0.025 0.118455813052)
(0.216793908806 0.025 0.118465879946)
(0.215763342562 0.025 0.121822122439)
(0.215752416435 0.025 0.121818713579)
(0.215720057936 0.025 0.121808617998)
(0.215667510586 0.025 0.121792223664)
(0.21559679375 0.025 0.121770160602)
(0.215510625035 0.025 0.121743276684)
(0.215412315858 0.025 0.121712605042)
(0.215305644185 0.025 0.121679324372)
(0.215194709348 0.025 0.121644713631)
(0.215083774511 0.025 0.121610102889)
(0.214977102838 0.025 0.121576822219)
(0.214878793661 0.025 0.121546150577)
(0.214792624946 0.025 0.121519266659)
(0.21472190811 0.025 0.121497203597)
(0.21466936076 0.025 0.121480809263)
(0.214637002262 0.025 0.121470713682)
(0.214626076134 0.025 0.121467304822)
(0.214637002262 0.025 0.121470713682)
(0.21466936076 0.025 0.121480809263)
(0.21472190811 0.025 0.121497203597)
(0.214792624946 0.025 0.121519266659)
(0.214878793661 0.025 0.121546150577)
(0.214977102838 0.025 0.121576822219)
(0.215083774511 0.025 0.121610102889)
(0.215194709348 0.025 0.121644713631)
(0.215305644185 0.025 0.121679324372)
(0.215412315858 0.025 0.121712605042)
(0.215510625035 0.025 0.121743276684)
(0.21559679375 0.025 0.121770160602)
(0.215667510586 0.025 0.121792223664)
(0.215720057936 0.025 0.121808617998)
(0.215752416435 0.025 0.121818713579)
(0.214719368229 0.025 0.125177590703)
(0.214708437042 0.025 0.125174178344)
(0.214676063563 0.025 0.125164072403)
(0.214623491884 0.025 0.125147661246)
(0.214552742306 0.025 0.125125575543)
(0.214466533697 0.025 0.125098664037)
(0.214368179004 0.025 0.125067960921)
(0.214261457942 0.025 0.125034646099)
(0.214150471744 0.025 0.12499999984)
(0.214039485546 0.025 0.124965353581)
(0.213932764484 0.025 0.124932038759)
(0.213834409791 0.025 0.124901335643)
(0.213748201182 0.025 0.124874424137)
(0.213677451604 0.025 0.124852338434)
(0.213624879925 0.025 0.124835927277)
(0.213592506446 0.025 0.124825821336)
(0.213581575259 0.025 0.124822408977)
(0.213592506446 0.025 0.124825821336)
(0.213624879925 0.025 0.124835927277)
(0.213677451604 0.025 0.124852338434)
(0.213748201182 0.025 0.124874424137)
(0.213834409791 0.025 0.124901335643)
(0.213932764484 0.025 0.124932038759)
(0.214039485546 0.025 0.124965353581)
(0.214150471744 0.025 0.12499999984)
(0.214261457942 0.025 0.125034646099)
(0.214368179004 0.025 0.125067960921)
(0.214466533697 0.025 0.125098664037)
(0.214552742306 0.025 0.125125575543)
(0.214623491884 0.025 0.125147661246)
(0.214676063563 0.025 0.125164072403)
(0.214708437042 0.025 0.125174178344)
)
;

boundaryField
{
    left
    {
        type            calculated;
    }
    right
    {
        type            calculated;
    }
    beam
    {
        type            empty;
    }
}


// ************************************************************************* //
