/*--------------------------------*- C++ -*----------------------------------*\
| =========                 |                                                 |
| \\      /  F ield         | foam-extend: Open Source CFD                    |
|  \\    /   O peration     | Version:     4.1                                |
|   \\  /    A nd           | Web:         http://www.foam-extend.org         |
|    \\/     M anipulation  |                                                 |
\*---------------------------------------------------------------------------*/
FoamFile
{
    version     2.0;
    format      ascii;
    class       surfaceTensorField;
    location    "0";
    object      refLambda;
}
// * * * * * * * * * * * * * * * * * * * * * * * * * * * * * * * * * * * * * //

dimensions      [0 0 0 0 0 0 0];

internalField   nonuniform List<tensor> 
999
(
(0.999577 0.0290739 -0.000436293 -0.0290739 0.999577 1.26901e-05 0.000436477 -7.21347e-22 1)
(0.998309 0.0581233 -0.000871478 -0.0581232 0.998309 5.07389e-05 0.000872954 8.6999e-22 1)
(0.996197 0.0871234 -0.00130445 -0.0871233 0.996198 0.000114082 0.00130943 -1.01e-20 0.999999)
(0.993231 0.116144 -0.00173549 -0.116143 0.993232 0.00020294 0.00174732 -6.87099e-21 0.999998)
(0.98943 0.144995 -0.00216107 -0.144995 0.989432 0.00031669 0.00218415 -1.17455e-20 0.999998)
(0.984791 0.173723 -0.00258112 -0.173723 0.984794 0.000455324 0.00262097 1.63651e-19 0.999997)
(0.979318 0.202305 -0.00299457 -0.202304 0.979323 0.000618607 0.0030578 5.02996e-20 0.999995)
(0.973015 0.230715 -0.00340034 -0.230713 0.973021 0.00080626 0.00349462 3.2725e-20 0.999994)
(0.965889 0.258929 -0.00379736 -0.258927 0.965896 0.00101796 0.00393144 1.98089e-19 0.999992)
(0.957944 0.286925 -0.00418458 -0.286922 0.957953 0.00125336 0.00436825 1.73814e-19 0.99999)
(0.949188 0.314677 -0.00456096 -0.314673 0.949199 0.00151204 0.00480506 -2.27784e-19 0.999988)
(0.939628 0.342163 -0.00492548 -0.342158 0.939641 0.00179357 0.00524187 2.21593e-19 0.999986)
(0.929272 0.369358 -0.00527712 -0.369352 0.929287 0.00209747 0.00567868 -5.19175e-19 0.999984)
(0.918129 0.396241 -0.0056149 -0.396234 0.918146 0.00242321 0.00611548 3.51652e-19 0.999981)
(0.906209 0.422789 -0.00593785 -0.42278 0.906228 0.00277023 0.00655227 -3.88761e-19 0.999979)
(0.893521 0.448978 -0.00624503 -0.448967 0.893543 0.00313794 0.00698906 -6.26806e-20 0.999976)
(0.880076 0.474787 -0.00653549 -0.474774 0.880101 0.0035257 0.00742585 -6.90374e-19 0.999972)
(0.865886 0.500194 -0.00680835 -0.500179 0.865913 0.00393284 0.00786263 2.05861e-18 0.999969)
(0.850963 0.525178 -0.00706273 -0.525159 0.850993 0.00435866 0.0082994 -2.2751e-18 0.999966)
(0.83532 0.549716 -0.00729777 -0.549695 0.835352 0.00480241 0.00873617 4.68212e-19 0.999962)
(0.818969 0.573789 -0.00751266 -0.573765 0.819003 0.00526333 0.00917293 7.76077e-19 0.999958)
(0.801924 0.597376 -0.00770659 -0.597348 0.801961 0.00574059 0.00960968 1.1337e-18 0.999954)
(0.784201 0.620457 -0.00787882 -0.620426 0.784241 0.00623338 0.0100464 -2.79117e-20 0.99995)
(0.765814 0.643012 -0.00802859 -0.642977 0.765856 0.00674081 0.0104832 3.71948e-19 0.999945)
(0.746778 0.665023 -0.00815523 -0.664984 0.746823 0.00726199 0.0109199 -1.11139e-19 0.99994)
(0.72711 0.686471 -0.00825805 -0.686427 0.727157 0.00779599 0.0113566 -2.87242e-18 0.999936)
(0.706827 0.707338 -0.00833642 -0.707288 0.706876 0.00834187 0.0117933 1.83804e-19 0.99993)
(0.685945 0.727605 -0.00838976 -0.72755 0.685996 0.00889864 0.01223 -9.25702e-19 0.999925)
(0.664483 0.747256 -0.0084175 -0.747196 0.664536 0.00946529 0.0126667 -2.76211e-18 0.99992)
(0.642458 0.766274 -0.00841912 -0.766209 0.642513 0.0100408 0.0131034 1.7138e-18 0.999914)
(0.61989 0.784644 -0.00839414 -0.784572 0.619947 0.0106242 0.0135401 4.45643e-19 0.999908)
(0.596797 0.802349 -0.0083421 -0.802271 0.596855 0.0112142 0.0139768 4.41887e-19 0.999902)
(0.573199 0.819374 -0.00826261 -0.819289 0.573259 0.01181 0.0144134 2.56584e-18 0.999896)
(0.549116 0.835706 -0.00815531 -0.835614 0.549177 0.0124103 0.0148501 -4.37329e-19 0.99989)
(0.524569 0.85133 -0.00801986 -0.851231 0.52463 0.013014 0.0152867 3.38797e-18 0.999883)
(0.499578 0.866233 -0.00785599 -0.866126 0.499639 0.0136201 0.0157233 8.04795e-19 0.999876)
(0.474164 0.880403 -0.00766345 -0.880288 0.474226 0.0142272 0.0161599 2.69327e-18 0.999869)
(0.448349 0.893827 -0.00744206 -0.893704 0.448411 0.0148344 0.0165965 6.51157e-19 0.999862)
(0.422156 0.906495 -0.00719166 -0.906363 0.422217 0.0154404 0.0170331 3.13021e-19 0.999855)
(0.395605 0.918395 -0.00691214 -0.918255 0.395665 0.0160441 0.0174697 2.16438e-18 0.999847)
(0.36872 0.929517 -0.00660344 -0.929368 0.368779 0.0166441 0.0179062 -6.98903e-19 0.99984)
(0.341523 0.939852 -0.00626554 -0.939694 0.341581 0.0172395 0.0183428 1.39186e-18 0.999832)
(0.314038 0.949392 -0.00589846 -0.949225 0.314094 0.0178289 0.0187793 -1.20967e-18 0.999824)
(0.286288 0.958128 -0.00550227 -0.957951 0.286341 0.0184112 0.0192158 3.12531e-18 0.999815)
(0.258296 0.966053 -0.00507709 -0.965866 0.258346 0.0189852 0.0196523 3.6411e-18 0.999807)
(0.230086 0.973159 -0.00462308 -0.972963 0.230132 0.0195496 0.0200888 -3.32881e-18 0.999798)
(0.201682 0.979442 -0.00414044 -0.979236 0.201724 0.0201033 0.0205253 -3.50493e-19 0.999789)
(0.173108 0.984896 -0.00362943 -0.98468 0.173146 0.0206451 0.0209617 -8.86343e-19 0.99978)
(0.144388 0.989516 -0.00309034 -0.98929 0.144421 0.0211738 0.0213982 1.20524e-18 0.999771)
(0.115546 0.993299 -0.00252351 -0.993062 0.115574 0.0216883 0.0218346 -1.45782e-18 0.999762)
(0.0866081 0.996241 -0.00192933 -0.995993 0.0866295 0.0221873 0.022271 -3.66236e-18 0.999752)
(0.0575973 0.998339 -0.00130822 -0.998082 0.0576121 0.0226697 0.0227074 4.40532e-18 0.999742)
(0.0285386 0.999592 -0.000660667 -0.999325 0.0285462 0.0231343 0.0231438 3.30667e-18 0.999732)
(-0.000543383 1 1.28166e-05 -0.999722 -0.000543534 0.0235801 0.0235801 -7.4799e-18 0.999722)
(-0.029624 0.999561 0.000711668 -0.999273 -0.0296325 0.0240059 0.0240164 -6.07259e-19 0.999712)
(-0.0586786 0.998276 0.00143528 -0.997977 -0.0586962 0.0244106 0.0244528 2.92823e-18 0.999701)
(-0.0876826 0.996146 0.00218301 -0.995837 -0.0877098 0.0247931 0.0248891 3.00459e-18 0.99969)
(-0.116611 0.993173 0.00295417 -0.992855 -0.116649 0.0251525 0.0253253 6.03022e-18 0.999679)
(-0.145441 0.98936 0.00374803 -0.989032 -0.145489 0.0254875 0.0257616 1.64861e-18 0.999668)
(-0.174146 0.984709 0.00456381 -0.984371 -0.174206 0.0257973 0.0261978 1.22507e-18 0.999657)
(-0.202702 0.979225 0.00540071 -0.978878 -0.202774 0.0260808 0.0266341 2.69564e-18 0.999645)
(-0.231087 0.972913 0.00625787 -0.972557 -0.231171 0.026337 0.0270703 1.09893e-18 0.999634)
(-0.259274 0.965777 0.00713441 -0.965412 -0.259372 0.0265651 0.0275064 1.37082e-17 0.999622)
(-0.287241 0.957825 0.0080294 -0.957451 -0.287353 0.0267641 0.0279426 5.72054e-18 0.99961)
(-0.314964 0.949061 0.00894189 -0.948679 -0.315091 0.0269332 0.0283787 5.99336e-18 0.999597)
(-0.34242 0.939495 0.00987087 -0.939105 -0.342562 0.0270714 0.0288149 8.76049e-18 0.999585)
(-0.369584 0.929134 0.0108153 -0.928737 -0.369742 0.0271781 0.029251 6.59654e-18 0.999572)
(-0.396435 0.917987 0.0117742 -0.917583 -0.39661 0.0272523 0.029687 7.85336e-18 0.999559)
(-0.422949 0.906064 0.0127463 -0.905653 -0.423141 0.0272934 0.0301231 3.26375e-18 0.999546)
(-0.449104 0.893374 0.0137306 -0.892957 -0.449314 0.0273007 0.0305591 2.54841e-18 0.999533)
(-0.474878 0.879928 0.014726 -0.879506 -0.475107 0.0272735 0.0309951 1.05973e-18 0.99952)
(-0.50025 0.865738 0.0157312 -0.865311 -0.500497 0.0272111 0.0314311 5.59385e-18 0.999506)
(-0.525196 0.850816 0.016745 -0.850384 -0.525463 0.027113 0.031867 1.33393e-17 0.999492)
(-0.549698 0.835175 0.0177661 -0.834739 -0.549985 0.0269786 0.032303 4.97501e-18 0.999478)
(-0.573733 0.818827 0.0187935 -0.818388 -0.574041 0.0268075 0.0327389 2.0197e-18 0.999464)
(-0.597282 0.801786 0.0198256 -0.801345 -0.597611 0.0265991 0.0331748 -1.73028e-18 0.99945)
(-0.620324 0.784068 0.0208613 -0.783625 -0.620675 0.026353 0.0336106 -6.24805e-19 0.999435)
(-0.642841 0.765687 0.0218992 -0.765243 -0.643214 0.0260689 0.0340465 1.8229e-17 0.99942)
(-0.664813 0.746658 0.0229379 -0.746214 -0.665208 0.0257464 0.0344823 1.63548e-18 0.999405)
(-0.686221 0.726998 0.0239761 -0.726554 -0.68664 0.0253853 0.034918 3.88708e-18 0.99939)
(-0.707048 0.706723 0.0250125 -0.706281 -0.70749 0.0249853 0.0353538 -2.10435e-18 0.999375)
(-0.727276 0.685851 0.0260455 -0.685412 -0.727742 0.0245463 0.0357895 3.95403e-18 0.999359)
(-0.746887 0.664399 0.0270739 -0.663963 -0.747378 0.024068 0.0362252 1.25547e-17 0.999344)
(-0.765866 0.642386 0.0280962 -0.641954 -0.766381 0.0235504 0.0366609 6.75713e-20 0.999328)
(-0.784196 0.61983 0.029111 -0.619403 -0.784736 0.0229935 0.0370965 -5.46206e-18 0.999312)
(-0.801862 0.59675 0.0301168 -0.596329 -0.802427 0.0223973 0.0375321 -4.06924e-18 0.999295)
(-0.818849 0.573166 0.0311123 -0.572752 -0.81944 0.0217618 0.0379677 1.0432e-17 0.999279)
(-0.835142 0.549097 0.0320959 -0.548692 -0.835759 0.0210871 0.0384033 6.87426e-18 0.999262)
(-0.850728 0.524564 0.0330662 -0.524169 -0.851371 0.0203735 0.0388388 4.16038e-18 0.999245)
(-0.865594 0.499589 0.0340219 -0.499203 -0.866263 0.019621 0.0392743 -5.79106e-19 0.999228)
(-0.879727 0.474191 0.0349614 -0.473817 -0.880422 0.01883 0.0397098 5.48501e-18 0.999211)
(-0.893116 0.448393 0.0358833 -0.448032 -0.893836 0.0180008 0.0401452 1.04786e-17 0.999194)
(-0.905748 0.422216 0.0367861 -0.421869 -0.906495 0.0171338 0.0405806 5.5173e-18 0.999176)
(-0.917614 0.395683 0.0376686 -0.39535 -0.918387 0.0162293 0.041016 -8.94964e-18 0.999158)
(-0.928704 0.368816 0.0385291 -0.368499 -0.929502 0.0152879 0.0414514 -2.60662e-18 0.999141)
(-0.939007 0.341637 0.0393664 -0.341337 -0.939832 0.01431 0.0418867 8.54819e-18 0.999122)
(-0.948516 0.31417 0.0401791 -0.313889 -0.949367 0.0132963 0.042322 8.63436e-18 0.999104)
(-0.957222 0.286438 0.0409656 -0.286176 -0.958099 0.0122473 0.0427572 1.34774e-18 0.999085)
(-0.965119 0.258465 0.0417248 -0.258224 -0.966021 0.0111637 0.0431924 -1.09346e-18 0.999067)
(-0.972199 0.230273 0.0424552 -0.230054 -0.973126 0.0100463 0.0436276 5.07972e-19 0.999048)
(-0.978457 0.201888 0.0431555 -0.201692 -0.979409 0.00889573 0.0440628 2.17016e-18 0.999029)
(-0.983888 0.173332 0.0438243 -0.17316 -0.984863 0.00771291 0.0444979 -6.22079e-20 0.999009)
(-0.988486 0.14463 0.0444605 -0.144484 -0.989486 0.00649867 0.044933 -1.08571e-18 0.99899)
(-0.992249 0.115807 0.0450628 -0.115688 -0.993272 0.00525394 0.045368 5.49677e-19 0.99897)
(-0.995173 0.0868865 0.0456298 -0.0867953 -0.996218 0.00397967 0.045803 1.63618e-18 0.99895)
(-0.997255 0.0578931 0.0461605 -0.0578312 -0.998323 0.00267686 0.046238 6.93066e-19 0.99893)
(-0.998494 0.0288513 0.0466535 -0.0288198 -0.999584 0.00134658 0.046673 8.51038e-19 0.99891)
(-0.99889 -0.00021428 0.0471079 0.000214043 -1 -1.00943e-05 0.0471079 6.84662e-22 0.99889)
(-0.998441 -0.0292791 0.0475224 0.029246 -0.999571 -0.00139201 0.0475428 4.6917e-19 0.998869)
(-0.997148 -0.0583185 0.0478959 0.0582514 -0.998298 -0.00279798 0.0479776 -9.11742e-19 0.998848)
(-0.995013 -0.0873081 0.0482275 0.0872057 -0.996181 -0.00422679 0.0484124 -1.71404e-18 0.998827)
(-0.992037 -0.116223 0.0485161 0.116085 -0.993223 -0.00567718 0.0488472 -1.62853e-18 0.998806)
(-0.988224 -0.14504 0.0487608 0.144863 -0.989426 -0.00714783 0.0492819 -1.94179e-20 0.998785)
(-0.983575 -0.173733 0.0489605 0.173518 -0.984793 -0.0086374 0.0497166 -5.94508e-18 0.998763)
(-0.978096 -0.202279 0.0491145 0.202024 -0.979328 -0.0101445 0.0501512 -3.75526e-18 0.998742)
(-0.97179 -0.230653 0.0492219 0.230358 -0.973036 -0.0116678 0.0505859 2.04025e-18 0.99872)
(-0.964664 -0.258832 0.0492818 0.258495 -0.965922 -0.0132057 0.0510204 -2.49583e-18 0.998698)
(-0.956724 -0.286792 0.0492935 0.286412 -0.957993 -0.0147569 0.051455 3.00993e-21 0.998675)
(-0.947976 -0.314509 0.0492563 0.314085 -0.949255 -0.0163197 0.0518895 2.99783e-18 0.998653)
(-0.938428 -0.341959 0.0491696 0.341491 -0.939715 -0.0178927 0.0523239 4.02781e-19 0.99863)
(-0.928087 -0.36912 0.0490327 0.368606 -0.929382 -0.0194742 0.0527584 7.14437e-18 0.998607)
(-0.916964 -0.395969 0.048845 0.395409 -0.918264 -0.0210627 0.0531927 1.81819e-18 0.998584)
(-0.905067 -0.422483 0.048606 0.421875 -0.906371 -0.0226565 0.0536271 -1.09076e-17 0.998561)
(-0.892406 -0.44864 0.0483154 0.447983 -0.893713 -0.0242541 0.0540614 3.06517e-18 0.998538)
(-0.878992 -0.474417 0.0479725 0.473712 -0.8803 -0.0258536 0.0544956 1.31167e-18 0.998514)
(-0.864837 -0.499792 0.0475772 0.499038 -0.866145 -0.0274535 0.0549299 -3.59523e-18 0.99849)
(-0.849953 -0.524746 0.0471291 0.523941 -0.851259 -0.0290521 0.055364 -2.73718e-18 0.998466)
(-0.834353 -0.549255 0.046628 0.5484 -0.835654 -0.0306475 0.0557982 -7.4157e-18 0.998442)
(-0.818048 -0.573301 0.0460736 0.572394 -0.819345 -0.032238 0.0562323 -1.67192e-17 0.998418)
(-0.801055 -0.596862 0.0454659 0.595903 -0.802344 -0.033822 0.0566663 6.34084e-19 0.998393)
(-0.783386 -0.619918 0.0448047 0.618907 -0.784666 -0.0353975 0.0571003 1.60962e-18 0.998368)
(-0.765057 -0.642451 0.0440901 0.641387 -0.766327 -0.036963 0.0575343 -6.59055e-18 0.998344)
(-0.746084 -0.664441 0.043322 0.663324 -0.747341 -0.0385165 0.0579682 -2.72889e-18 0.998318)
(-0.726483 -0.685869 0.0425007 0.684699 -0.727725 -0.0400562 0.0584021 -1.10176e-18 0.998293)
(-0.706269 -0.706718 0.0416261 0.705494 -0.707495 -0.0415804 0.0588359 -3.80189e-18 0.998268)
(-0.685461 -0.726971 0.0406987 0.725693 -0.686669 -0.0430874 0.0592697 -3.35382e-18 0.998242)
(-0.664076 -0.746609 0.0397185 0.745277 -0.665263 -0.0445751 0.0597035 6.03256e-18 0.998216)
(-0.642133 -0.765617 0.0386861 0.764231 -0.643297 -0.046042 0.0601372 3.29515e-18 0.99819)
(-0.619649 -0.783978 0.0376017 0.782538 -0.620789 -0.0474862 0.0605708 -2.11904e-18 0.998164)
(-0.596644 -0.801677 0.0364658 0.800184 -0.597757 -0.0489059 0.0610044 1.03312e-17 0.998137)
(-0.573137 -0.8187 0.0352791 0.817153 -0.574222 -0.0502993 0.061438 -9.90997e-18 0.998111)
(-0.549149 -0.835031 0.0340419 0.833431 -0.550203 -0.0516646 0.0618715 9.1527e-18 0.998084)
(-0.524699 -0.850657 0.032755 0.849005 -0.525721 -0.0530002 0.062305 -1.81066e-17 0.998057)
(-0.499809 -0.865566 0.0314191 0.863861 -0.500795 -0.0543042 0.0627384 1.00807e-17 0.99803)
(-0.474499 -0.879744 0.0300349 0.877987 -0.475448 -0.055575 0.0631718 4.05467e-18 0.998003)
(-0.44879 -0.893179 0.0286033 0.891371 -0.449701 -0.0568108 0.0636051 1.7654e-18 0.997975)
(-0.422706 -0.905861 0.0271251 0.904002 -0.423575 -0.0580099 0.0640384 -1.90149e-17 0.997947)
(-0.396266 -0.917779 0.0256012 0.915869 -0.397093 -0.0591707 0.0644716 -1.10765e-17 0.99792)
(-0.369495 -0.928922 0.0240327 0.926963 -0.370276 -0.0602915 0.0649048 -3.68725e-18 0.997891)
(-0.342415 -0.939281 0.0224206 0.937274 -0.343148 -0.0613707 0.0653379 -3.06553e-17 0.997863)
(-0.315048 -0.948849 0.020766 0.946794 -0.315731 -0.0624067 0.065771 -1.68644e-17 0.997835)
(-0.287417 -0.957616 0.01907 0.955515 -0.288049 -0.063398 0.066204 -1.61873e-17 0.997806)
(-0.259547 -0.965575 0.017334 0.963429 -0.260125 -0.064343 0.066637 1.18487e-18 0.997777)
(-0.23146 -0.97272 0.0155591 0.97053 -0.231983 -0.0652403 0.06707 1.17814e-17 0.997748)
(-0.203181 -0.979045 0.0137466 0.976812 -0.203645 -0.0660883 0.0675029 8.62872e-18 0.997719)
(-0.174732 -0.984544 0.0118981 0.982269 -0.175137 -0.0668857 0.0679357 4.22049e-18 0.99769)
(-0.146139 -0.989213 0.0100148 0.986899 -0.146482 -0.067631 0.0683685 -1.76183e-17 0.99766)
(-0.117426 -0.993049 0.00809821 0.990696 -0.117705 -0.0683229 0.0688012 4.77404e-18 0.99763)
(-0.0886155 -0.996047 0.00614995 0.993657 -0.0888286 -0.0689602 0.0692339 -3.61056e-18 0.9976)
(-0.0597332 -0.998206 0.00417154 0.99578 -0.0598787 -0.0695415 0.0696665 2.70784e-18 0.99757)
(-0.0308032 -0.999523 0.0021646 0.997064 -0.0308792 -0.0700656 0.0700991 -1.30608e-17 0.99754)
(-0.00184993 -0.999998 0.000130804 0.997508 -0.00185455 -0.0705315 0.0705316 -2.2363e-17 0.99751)
(0.0271023 -0.999631 -0.00192815 0.997111 0.0271708 -0.0709379 0.0709641 -8.98023e-18 0.997479)
(0.0560289 -0.998421 -0.0040105 0.995873 0.0561723 -0.0712838 0.0713965 1.09146e-17 0.997448)
(0.0849057 -0.99637 -0.00611447 0.993797 0.0851256 -0.0715681 0.0718288 -4.29102e-18 0.997417)
(0.113708 -0.99348 -0.00823823 0.990883 0.114006 -0.07179 0.0722612 2.04539e-17 0.997386)
(0.142412 -0.989753 -0.0103799 0.987134 0.14279 -0.0719485 0.0726934 -1.31081e-17 0.997354)
(0.170994 -0.985192 -0.0125376 0.982555 0.171453 -0.0720428 0.0731256 -5.98369e-18 0.997323)
(0.199428 -0.979802 -0.0147093 0.977148 0.19997 -0.072072 0.0735577 7.49664e-19 0.997291)
(0.227692 -0.973587 -0.0168932 0.970918 0.228318 -0.0720355 0.0739898 -8.67358e-18 0.997259)
(0.255761 -0.966552 -0.0190872 0.963871 0.256472 -0.0719326 0.0744219 -2.53361e-18 0.997227)
(0.283612 -0.958703 -0.0212892 0.956013 0.28441 -0.0717626 0.0748538 1.81889e-17 0.997195)
(0.311222 -0.950047 -0.0234973 0.947351 0.312108 -0.071525 0.0752858 -7.10137e-18 0.997162)
(0.338567 -0.940591 -0.0257093 0.937891 0.339541 -0.0712193 0.0757176 -2.29861e-19 0.997129)
(0.365623 -0.930344 -0.0279231 0.927643 0.366688 -0.0708452 0.0761494 1.27145e-17 0.997096)
(0.39237 -0.919314 -0.0301366 0.916614 0.393525 -0.0704021 0.0765812 -7.12825e-18 0.997063)
(0.418783 -0.90751 -0.0323478 0.904815 0.420031 -0.06989 0.0770129 8.75992e-18 0.99703)
(0.444841 -0.894943 -0.0345543 0.892255 0.446181 -0.0693084 0.0774445 -6.71724e-20 0.996997)
(0.470522 -0.881622 -0.036754 0.878945 0.471955 -0.0686573 0.0778761 3.00583e-18 0.996963)
(0.495804 -0.867561 -0.0389448 0.864897 0.497331 -0.0679366 0.0783076 -5.09408e-19 0.996929)
(0.520666 -0.852769 -0.0411245 0.850122 0.522288 -0.0671463 0.0787391 -1.53713e-17 0.996895)
(0.545088 -0.837261 -0.0432907 0.834632 0.546804 -0.0662863 0.0791705 -2.52307e-17 0.996861)
(0.569048 -0.821048 -0.0454414 0.818442 0.570859 -0.0653569 0.0796018 5.76514e-18 0.996827)
(0.592527 -0.804145 -0.0475744 0.801565 0.594433 -0.0643582 0.0800331 5.57257e-18 0.996792)
(0.615504 -0.786566 -0.0496872 0.784015 0.617507 -0.0632905 0.0804643 9.80573e-18 0.996757)
(0.637962 -0.768326 -0.0517779 0.765807 0.640059 -0.0621541 0.0808955 1.39726e-17 0.996723)
(0.65988 -0.74944 -0.0538441 0.746957 0.662073 -0.0609494 0.0813266 3.80611e-18 0.996688)
(0.68124 -0.729924 -0.0558837 0.72748 0.683528 -0.0596768 0.0817576 1.62941e-18 0.996652)
(0.702025 -0.709795 -0.0578944 0.707393 0.704408 -0.0583371 0.0821886 1.56832e-17 0.996617)
(0.722218 -0.68907 -0.059874 0.686714 0.724695 -0.0569306 0.0826195 1.93126e-17 0.996581)
(0.7418 -0.667765 -0.0618204 0.665459 0.744372 -0.0554582 0.0830504 -1.04802e-17 0.996545)
(0.760757 -0.6459 -0.0637313 0.643646 0.763422 -0.0539205 0.0834812 -2.96842e-18 0.996509)
(0.779071 -0.623493 -0.0656047 0.621294 0.781829 -0.0523185 0.0839119 -1.12449e-17 0.996473)
(0.796729 -0.600562 -0.0674385 0.598423 0.799578 -0.050653 0.0843426 3.69435e-18 0.996437)
(0.813714 -0.577128 -0.0692304 0.57505 0.816654 -0.0489249 0.0847732 -2.34579e-17 0.9964)
(0.830014 -0.553208 -0.0709784 0.551197 0.833043 -0.0471354 0.0852037 -5.43561e-18 0.996364)
(0.845613 -0.528825 -0.0726804 0.526882 0.848731 -0.0452855 0.0856342 7.31617e-18 0.996327)
(0.8605 -0.503998 -0.0743344 0.502128 0.863705 -0.0433764 0.0860646 2.58659e-17 0.99629)
(0.874662 -0.478748 -0.0759385 0.476954 0.877952 -0.0414093 0.086495 -7.87736e-19 0.996252)
(0.888087 -0.453097 -0.0774905 0.451382 0.891461 -0.0393856 0.0869253 2.26187e-18 0.996215)
(0.900764 -0.427066 -0.0789886 0.425433 0.90422 -0.0373065 0.0873555 2.23518e-18 0.996177)
(0.912682 -0.400677 -0.0804309 0.39913 0.916219 -0.0351737 0.0877856 6.7173e-18 0.996139)
(0.923832 -0.373952 -0.0818155 0.372494 0.927448 -0.0329885 0.0882157 -1.21148e-18 0.996101)
(0.934204 -0.346915 -0.0831406 0.345549 0.937897 -0.0307525 0.0886458 1.46856e-17 0.996063)
(0.94379 -0.319586 -0.0844043 0.318316 0.947557 -0.0284674 0.0890757 -7.00966e-18 0.996025)
(0.952582 -0.291991 -0.0856051 0.290819 0.956421 -0.0261348 0.0895056 -1.16533e-18 0.995986)
(0.960573 -0.264151 -0.0867411 0.26308 0.964481 -0.0237565 0.0899354 1.0983e-17 0.995948)
(0.967756 -0.23609 -0.0878107 0.235124 0.971731 -0.0213343 0.0903652 -6.30307e-18 0.995909)
(0.974124 -0.207832 -0.0888123 0.206974 0.978164 -0.0188701 0.0907949 0 0.99587)
(0.979674 -0.179401 -0.0897445 0.178653 0.983776 -0.0163658 0.0912245 5.38048e-18 0.99583)
(0.9844 -0.15082 -0.0906057 0.150185 0.988561 -0.0138233 0.0916541 1.64287e-21 0.995791)
(0.988299 -0.122114 -0.0913944 0.121595 0.992516 -0.0112447 0.0920836 -1.15811e-18 0.995751)
(0.991368 -0.093306 -0.0921094 0.0929059 0.995637 -0.00863202 0.092513 2.3865e-19 0.995711)
(0.993603 -0.0644211 -0.0927493 0.0641423 0.997923 -0.00598745 0.0929423 9.37145e-19 0.995671)
(0.995004 -0.0354833 -0.0933128 0.0353282 0.99937 -0.00331313 0.0933716 3.2901e-19 0.995631)
(0.99557 -0.00651681 -0.0937988 0.00648807 0.999979 -0.000611282 0.0938008 1.48212e-19 0.995591)
(0.995299 0.0224539 -0.0942062 -0.022354 0.999748 0.00211583 0.09423 -7.09935e-19 0.99555)
(0.994194 0.0514047 -0.0945339 -0.0511739 0.998678 0.00486592 0.094659 1.20077e-18 0.99551)
(0.992253 0.0803111 -0.0947809 -0.0799472 0.99677 0.00763662 0.095088 1.4382e-18 0.995469)
(0.989481 0.109149 -0.0949463 -0.10865 0.994025 0.0104256 0.095517 -1.13146e-18 0.995428)
(0.985878 0.137894 -0.0950293 -0.137258 0.990447 0.0132303 0.0959458 9.15328e-19 0.995387)
(0.981448 0.166522 -0.095029 -0.165747 0.986038 0.0160485 0.0963746 3.85036e-18 0.995345)
(0.976195 0.195009 -0.0949448 -0.194093 0.980801 0.0188776 0.0968033 3.95663e-18 0.995304)
(0.970124 0.223332 -0.0947761 -0.222274 0.974742 0.021715 0.097232 2.18798e-18 0.995262)
(0.96324 0.251466 -0.0945224 -0.250264 0.967866 0.0245583 0.0976606 -4.2777e-18 0.99522)
(0.955548 0.279388 -0.094183 -0.27804 0.960178 0.0274049 0.0980891 -7.31677e-18 0.995178)
(0.947056 0.307074 -0.0937577 -0.30558 0.951686 0.0302521 0.0985175 3.37529e-18 0.995135)
(0.937771 0.334502 -0.0932461 -0.33286 0.942395 0.0330975 0.0989458 3.6007e-18 0.995093)
(0.9277 0.361647 -0.092648 -0.359857 0.932315 0.0359384 0.0993741 -8.66243e-18 0.99505)
(0.916853 0.388489 -0.0919632 -0.386549 0.921453 0.0387721 0.0998023 -1.29847e-18 0.995007)
(0.905238 0.415004 -0.0911917 -0.412914 0.90982 0.041596 0.10023 1.77472e-18 0.994964)
(0.892866 0.441169 -0.0903334 -0.438929 0.897424 0.0444075 0.100659 5.50673e-18 0.994921)
(0.879747 0.466964 -0.0893884 -0.464572 0.884276 0.0472038 0.101087 9.38161e-18 0.994878)
(0.865892 0.492366 -0.0883569 -0.489823 0.870388 0.0499823 0.101514 -5.70552e-18 0.994834)
(0.851313 0.517355 -0.0872392 -0.51466 0.855771 0.0527403 0.101942 -2.21052e-18 0.99479)
(0.836022 0.541909 -0.0860356 -0.539062 0.840437 0.0554752 0.10237 -2.04221e-18 0.994746)
(0.820033 0.566007 -0.0847465 -0.563009 0.8244 0.0581842 0.102798 -9.39869e-18 0.994702)
(0.803359 0.58963 -0.0833723 -0.586481 0.807673 0.0608648 0.103225 -9.49057e-18 0.994658)
(0.786013 0.612759 -0.0819137 -0.609458 0.79027 0.0635142 0.103653 2.10853e-17 0.994614)
(0.768012 0.635372 -0.0803714 -0.631922 0.772206 0.0661298 0.10408 -1.47954e-17 0.994569)
(0.749369 0.657453 -0.0787461 -0.653853 0.753495 0.0687089 0.104508 -5.59644e-18 0.994524)
(0.730102 0.678982 -0.0770385 -0.675233 0.734155 0.071249 0.104935 -1.58369e-17 0.994479)
(0.710225 0.699941 -0.0752497 -0.696046 0.7142 0.0737474 0.105362 -1.27953e-17 0.994434)
(0.689756 0.720314 -0.0733806 -0.716272 0.693648 0.0762015 0.105789 -1.12307e-17 0.994389)
(0.668712 0.740082 -0.0714323 -0.735895 0.672517 0.0786089 0.106216 9.02855e-18 0.994343)
(0.647112 0.759229 -0.069406 -0.7549 0.650823 0.0809668 0.106643 1.66497e-18 0.994297)
(0.624972 0.777741 -0.0673028 -0.77327 0.628585 0.0832729 0.10707 2.41459e-18 0.994251)
(0.602312 0.7956 -0.0651242 -0.79099 0.605823 0.0855247 0.107497 -3.5897e-17 0.994205)
(0.579151 0.812792 -0.0628715 -0.808045 0.582554 0.0877197 0.107924 8.70564e-18 0.994159)
(0.555509 0.829304 -0.0605461 -0.824421 0.558798 0.0898555 0.108351 -1.17474e-17 0.994113)
(0.531404 0.84512 -0.0581497 -0.840105 0.534577 0.0919298 0.108777 -3.11352e-18 0.994066)
(0.506859 0.860229 -0.0556839 -0.855084 0.509908 0.0939402 0.109204 -1.47762e-17 0.994019)
(0.481893 0.874617 -0.0531503 -0.869345 0.484815 0.0958844 0.10963 2.14075e-17 0.993972)
(0.456527 0.888272 -0.0505508 -0.882877 0.459317 0.0977601 0.110056 -5.05932e-18 0.993925)
(0.430782 0.901184 -0.0478872 -0.895667 0.433436 0.0995653 0.110483 -8.42643e-18 0.993878)
(0.404681 0.913342 -0.0451614 -0.907707 0.407194 0.101298 0.110909 -2.65772e-18 0.993831)
(0.378246 0.924735 -0.0423754 -0.918986 0.380612 0.102955 0.111335 7.24258e-18 0.993783)
(0.351497 0.935354 -0.0395314 -0.929494 0.353713 0.104536 0.111761 1.72094e-17 0.993735)
(0.324459 0.94519 -0.0366313 -0.939223 0.32652 0.106038 0.112187 2.18393e-17 0.993687)
(0.297153 0.954236 -0.0336774 -0.948166 0.299055 0.107459 0.112613 -4.29775e-18 0.993639)
(0.269602 0.962483 -0.0306721 -0.956314 0.271341 0.108798 0.113039 -9.80454e-18 0.993591)
(0.24183 0.969925 -0.0276175 -0.963662 0.243402 0.110052 0.113464 1.03335e-18 0.993542)
(0.21386 0.976557 -0.0245161 -0.970202 0.215261 0.11122 0.11389 -1.61089e-17 0.993493)
(0.185716 0.982371 -0.0213703 -0.975931 0.186941 0.1123 0.114316 2.92501e-18 0.993444)
(0.15742 0.987364 -0.0181826 -0.980843 0.158467 0.113291 0.114741 1.04e-17 0.993395)
(0.128997 0.991532 -0.0149556 -0.984935 0.129861 0.114191 0.115166 1.1488e-17 0.993346)
(0.10047 0.994871 -0.0116919 -0.988203 0.101148 0.114999 0.115592 1.62662e-17 0.993297)
(0.0718639 0.997379 -0.0083941 -0.990644 0.0723525 0.115713 0.116017 -9.04399e-18 0.993247)
(0.0432018 0.999054 -0.00506495 -0.992257 0.0434977 0.116332 0.116442 -1.22333e-17 0.993198)
(0.0145079 0.999893 -0.00170719 -0.993042 0.014608 0.116854 0.116867 6.16431e-18 0.993148)
(-0.0141938 0.999898 0.00167639 -0.992996 -0.0142924 0.11728 0.117292 1.75142e-17 0.993097)
(-0.0428792 0.999067 0.00508294 -0.992121 -0.0431795 0.117607 0.117717 1.49555e-17 0.993047)
(-0.0715245 0.997403 0.00850961 -0.990418 -0.072029 0.117835 0.118141 -3.7384e-18 0.992997)
(-0.100106 0.994905 0.0119535 -0.987887 -0.100817 0.117962 0.118566 4.10832e-17 0.992946)
(-0.128599 0.991577 0.0154116 -0.984532 -0.129519 0.117988 0.118991 2.10554e-17 0.992895)
(-0.15698 0.987421 0.018881 -0.980356 -0.158112 0.117913 0.119415 5.62476e-17 0.992844)
(-0.185226 0.982441 0.0223586 -0.975361 -0.186571 0.117735 0.11984 -2.49466e-18 0.992793)
(-0.213313 0.976642 0.0258415 -0.969553 -0.214873 0.117455 0.120264 1.74723e-17 0.992742)
(-0.241218 0.970028 0.0293265 -0.962937 -0.242994 0.117071 0.120688 2.02665e-17 0.99269)
(-0.268917 0.962604 0.0328107 -0.955518 -0.270911 0.116583 0.121112 -4.25445e-18 0.992639)
(-0.296387 0.954378 0.0362909 -0.947303 -0.298601 0.115992 0.121536 1.20883e-17 0.992587)
(-0.323606 0.945356 0.0397639 -0.938299 -0.32604 0.115296 0.12196 -3.51202e-17 0.992535)
(-0.35055 0.935546 0.0432268 -0.928513 -0.353205 0.114496 0.122384 -1.00844e-17 0.992483)
(-0.377198 0.924956 0.0466762 -0.917954 -0.380075 0.113592 0.122808 2.75137e-17 0.99243)
(-0.403526 0.913595 0.0501092 -0.906631 -0.406626 0.112584 0.123232 8.53457e-18 0.992378)
(-0.429514 0.901473 0.0535225 -0.894554 -0.432836 0.111472 0.123655 5.0837e-18 0.992325)
(-0.45514 0.888599 0.0569131 -0.881733 -0.458684 0.110256 0.124079 1.45289e-17 0.992272)
(-0.480382 0.874986 0.0602777 -0.868178 -0.484149 0.108938 0.124502 -1.33906e-17 0.992219)
(-0.505219 0.860644 0.0636132 -0.853901 -0.509208 0.107517 0.124926 -2.25459e-17 0.992166)
(-0.529631 0.845585 0.0669165 -0.838915 -0.533841 0.105993 0.125349 1.4055e-17 0.992113)
(-0.553597 0.829822 0.0701845 -0.823232 -0.558029 0.104368 0.125772 4.93309e-17 0.992059)
(-0.577099 0.813368 0.073414 -0.806865 -0.58175 0.102643 0.126195 4.76985e-17 0.992005)
(-0.600115 0.796237 0.076602 -0.789829 -0.604984 0.100818 0.126618 1.02472e-17 0.991952)
(-0.622628 0.778444 0.0797455 -0.772137 -0.627714 0.0988944 0.127041 3.24977e-17 0.991897)
(-0.644618 0.760004 0.0828412 -0.753804 -0.649919 0.096873 0.127464 4.96406e-17 0.991843)
(-0.666067 0.740931 0.0858863 -0.734847 -0.671581 0.0947551 0.127887 4.50444e-17 0.991789)
(-0.686958 0.721242 0.0888777 -0.71528 -0.692683 0.092542 0.128309 -2.29258e-17 0.991734)
(-0.707273 0.700953 0.0918124 -0.695121 -0.713207 0.0902349 0.128732 6.92273e-18 0.991679)
(-0.726996 0.680082 0.0946876 -0.674386 -0.733136 0.0878354 0.129154 2.85486e-17 0.991625)
(-0.74611 0.658646 0.0975003 -0.653093 -0.752453 0.085345 0.129577 6.3437e-17 0.991569)
(-0.764599 0.636662 0.100248 -0.631259 -0.771143 0.0827653 0.129999 -2.93545e-18 0.991514)
(-0.782449 0.61415 0.102927 -0.608904 -0.789189 0.080098 0.130421 5.39891e-17 0.991459)
(-0.799644 0.591127 0.105535 -0.586046 -0.806578 0.0773449 0.130843 3.16025e-17 0.991403)
(-0.816171 0.567614 0.10807 -0.562703 -0.823295 0.0745079 0.131265 1.59396e-18 0.991347)
(-0.832015 0.54363 0.110528 -0.538896 -0.839325 0.0715889 0.131687 2.78697e-17 0.991291)
(-0.847165 0.519195 0.112907 -0.514645 -0.854656 0.0685901 0.132109 2.97982e-17 0.991235)
(-0.861607 0.49433 0.115205 -0.489969 -0.869275 0.0655136 0.13253 -3.44855e-19 0.991179)
(-0.875329 0.469054 0.117419 -0.46489 -0.883169 0.0623616 0.132952 1.91865e-18 0.991123)
(-0.888321 0.44339 0.119546 -0.439428 -0.896329 0.0591363 0.133373 1.61315e-17 0.991066)
(-0.900572 0.417358 0.121585 -0.413606 -0.908742 0.0558403 0.133795 1.74073e-18 0.991009)
(-0.912071 0.390981 0.123532 -0.387443 -0.920399 0.0524759 0.134216 2.70311e-17 0.990952)
(-0.92281 0.36428 0.125386 -0.360963 -0.931289 0.0490456 0.134637 2.73121e-17 0.990895)
(-0.93278 0.337278 0.127144 -0.334188 -0.941405 0.0455521 0.135058 3.27642e-17 0.990838)
(-0.941972 0.309997 0.128805 -0.307139 -0.950738 0.0419981 0.135479 -3.93595e-18 0.99078)
(-0.950379 0.28246 0.130366 -0.279839 -0.959279 0.0383863 0.1359 2.07837e-17 0.990723)
(-0.957995 0.254689 0.131825 -0.252312 -0.967023 0.0347195 0.136321 3.54719e-18 0.990665)
(-0.964814 0.226709 0.133181 -0.22458 -0.973963 0.0310006 0.136742 6.16743e-18 0.990607)
(-0.970829 0.198542 0.134432 -0.196665 -0.980092 0.0272324 0.137162 2.03898e-17 0.990549)
(-0.976037 0.170212 0.135575 -0.168593 -0.985408 0.0234182 0.137583 7.45837e-18 0.99049)
(-0.980432 0.141741 0.13661 -0.140385 -0.989904 0.0195608 0.138003 3.07715e-18 0.990432)
(-0.984012 0.113155 0.137534 -0.112066 -0.993577 0.0156633 0.138423 2.19828e-18 0.990373)
(-0.986774 0.0844767 0.138347 -0.0836585 -0.996425 0.0117291 0.138844 4.99775e-18 0.990314)
(-0.988716 0.0557298 0.139047 -0.0551867 -0.998446 0.00776113 0.139264 -6.0396e-19 0.990255)
(-0.989837 0.0269383 0.139633 -0.0266742 -0.999637 0.00376284 0.139684 -1.38353e-18 0.990196)
(-0.990135 -0.00187387 0.140103 0.00185539 -0.999998 -0.000262536 0.140104 1.20571e-19 0.990137)
(-0.989611 -0.0306827 0.140457 0.0303783 -0.999529 -0.00431164 0.140523 -2.59005e-19 0.990077)
(-0.988266 -0.0594644 0.140694 0.0588708 -0.99823 -0.0083811 0.140943 -1.99247e-18 0.990018)
(-0.9861 -0.088195 0.140812 0.0873093 -0.996103 -0.0124675 0.141363 1.59396e-18 0.989958)
(-0.983117 -0.116851 0.140811 0.11567 -0.99315 -0.0165673 0.141782 -5.40202e-18 0.989898)
(-0.979318 -0.145408 0.14069 0.14393 -0.989372 -0.0206772 0.142202 -2.3858e-18 0.989838)
(-0.974707 -0.173842 0.140449 0.172065 -0.984774 -0.0247935 0.142621 -3.2187e-18 0.989777)
(-0.969288 -0.202131 0.140087 0.200052 -0.979359 -0.0289128 0.14304 3.3097e-18 0.989717)
(-0.963066 -0.23025 0.139605 0.227868 -0.973132 -0.0330315 0.143459 1.11988e-17 0.989656)
(-0.956046 -0.258176 0.139 0.25549 -0.966098 -0.0371459 0.143878 -5.86834e-18 0.989595)
(-0.948235 -0.285887 0.138274 0.282895 -0.958263 -0.0412527 0.144297 -2.35122e-17 0.989534)
(-0.939638 -0.313359 0.137427 0.31006 -0.949635 -0.045348 0.144716 -6.36377e-18 0.989473)
(-0.930264 -0.34057 0.136458 0.336964 -0.940219 -0.0494284 0.145134 -3.41823e-17 0.989412)
(-0.920121 -0.367496 0.135368 0.363582 -0.930025 -0.0534901 0.145553 -3.09782e-17 0.98935)
(-0.909216 -0.394116 0.134157 0.389895 -0.919061 -0.0575297 0.145971 -3.41847e-18 0.989289)
(-0.89756 -0.420408 0.132825 0.415879 -0.907335 -0.0615434 0.14639 1.77762e-17 0.989227)
(-0.885163 -0.44635 0.131372 0.441514 -0.894859 -0.0655278 0.146808 1.21994e-17 0.989165)
(-0.872034 -0.47192 0.129801 0.466778 -0.881641 -0.069479 0.147226 -8.87402e-18 0.989103)
(-0.858185 -0.497098 0.12811 0.49165 -0.867694 -0.0733937 0.147644 2.81734e-18 0.989041)
(-0.843628 -0.521862 0.126301 0.51611 -0.85303 -0.0772681 0.148062 -3.66961e-17 0.988978)
(-0.828374 -0.546193 0.124376 0.540139 -0.837659 -0.0810988 0.14848 -3.02086e-17 0.988915)
(-0.812438 -0.57007 0.122334 0.563715 -0.821596 -0.0848821 0.148898 -2.99624e-17 0.988853)
(-0.795831 -0.593473 0.120177 0.58682 -0.804854 -0.0886147 0.149315 -4.11784e-17 0.98879)
(-0.778569 -0.616383 0.117907 0.609434 -0.787446 -0.0922929 0.149733 -4.11076e-18 0.988726)
(-0.760665 -0.638782 0.115524 0.63154 -0.769388 -0.0959133 0.15015 2.12741e-17 0.988663)
(-0.742136 -0.66065 0.11303 0.653119 -0.750694 -0.0994726 0.150568 -7.00136e-17 0.9886)
(-0.722995 -0.681971 0.110427 0.674153 -0.73138 -0.102967 0.150985 -8.31745e-18 0.988536)
(-0.70326 -0.702725 0.107717 0.694624 -0.711461 -0.106394 0.151402 7.35393e-18 0.988472)
(-0.682947 -0.722897 0.1049 0.714517 -0.690956 -0.109749 0.151819 -4.9271e-17 0.988408)
(-0.662072 -0.742469 0.10198 0.733815 -0.66988 -0.11303 0.152236 5.01765e-18 0.988344)
(-0.640654 -0.761426 0.0989572 0.752502 -0.648251 -0.116234 0.152653 8.31906e-18 0.98828)
(-0.61871 -0.779752 0.0958348 0.770563 -0.626088 -0.119356 0.153069 5.57619e-18 0.988215)
(-0.596259 -0.797432 0.0926146 0.787983 -0.603408 -0.122394 0.153486 -3.1953e-17 0.988151)
(-0.573318 -0.814452 0.0892989 0.804748 -0.580231 -0.125346 0.153902 -4.47784e-17 0.988086)
(-0.549909 -0.830797 0.08589 0.820845 -0.556576 -0.128207 0.154318 -1.12434e-17 0.988021)
(-0.526049 -0.846454 0.0823904 0.836259 -0.532462 -0.130976 0.154735 4.5674e-17 0.987956)
(-0.501759 -0.86141 0.0788026 0.850979 -0.50791 -0.133649 0.155151 -3.38789e-17 0.987891)
(-0.47706 -0.875654 0.0751293 0.864993 -0.482939 -0.136223 0.155567 -3.55136e-17 0.987825)
(-0.451971 -0.889173 0.0713732 0.878289 -0.457571 -0.138696 0.155983 -1.7047e-17 0.98776)
(-0.426513 -0.901956 0.0675371 0.890857 -0.431827 -0.141065 0.156398 5.42616e-19 0.987694)
(-0.400708 -0.913994 0.0636239 0.902686 -0.405728 -0.143327 0.156814 -7.42012e-17 0.987628)
(-0.374578 -0.925276 0.0596365 0.913767 -0.379295 -0.145481 0.15723 1.9638e-17 0.987562)
(-0.348143 -0.935793 0.055578 0.924091 -0.352551 -0.147523 0.157645 -2.7135e-17 0.987496)
(-0.321426 -0.945536 0.0514515 0.93365 -0.325518 -0.149452 0.15806 -4.26367e-17 0.987429)
(-0.294449 -0.954498 0.0472602 0.942436 -0.298217 -0.151265 0.158476 2.9879e-17 0.987363)
(-0.267234 -0.962672 0.0430074 0.950442 -0.270672 -0.15296 0.158891 1.10253e-18 0.987296)
(-0.239804 -0.97005 0.0386963 0.957662 -0.242906 -0.154535 0.159306 8.15237e-18 0.987229)
(-0.212182 -0.976627 0.0343305 0.964089 -0.214941 -0.155988 0.159721 -5.33054e-17 0.987162)
(-0.18439 -0.982398 0.0299134 0.96972 -0.186801 -0.157317 0.160135 4.18425e-17 0.987095)
(-0.156452 -0.987358 0.0254485 0.974549 -0.158508 -0.15852 0.16055 -3.86752e-17 0.987028)
(-0.12839 -0.991503 0.0209394 0.978574 -0.130087 -0.159597 0.160965 1.61255e-17 0.98696)
(-0.100229 -0.994829 0.0163896 0.98179 -0.10156 -0.160545 0.161379 -1.11279e-17 0.986892)
(-0.0719901 -0.997336 0.011803 0.984195 -0.0729513 -0.161362 0.161793 6.97137e-18 0.986825)
(-0.043698 -0.999019 0.00718328 0.985789 -0.0442845 -0.162048 0.162208 1.51596e-17 0.986757)
(-0.0153757 -0.999879 0.00253416 0.986569 -0.0155832 -0.162602 0.162622 -2.26697e-17 0.986688)
(0.0129534 -0.999914 -0.0021405 0.986535 0.013129 -0.163022 0.163036 -8.56772e-18 0.98662)
(0.0412659 -0.999125 -0.00683684 0.985688 0.0418284 -0.163306 0.16345 1.92098e-17 0.986552)
(0.0695385 -0.997512 -0.0115509 0.984029 0.0704913 -0.163456 0.163863 -4.92178e-17 0.986483)
(0.0977479 -0.995078 -0.0162789 0.981559 0.0990942 -0.163468 0.164277 -5.6995e-19 0.986414)
(0.125871 -0.991824 -0.0210167 0.978281 0.127613 -0.163344 0.16469 -4.14254e-18 0.986345)
(0.153884 -0.987753 -0.0257604 0.974197 0.156025 -0.163082 0.165104 9.45151e-18 0.986276)
(0.181765 -0.982869 -0.030506 0.969312 0.184307 -0.162682 0.165517 -2.49322e-17 0.986207)
(0.20949 -0.977175 -0.0352493 0.963629 0.212435 -0.162143 0.16593 -1.80159e-17 0.986137)
(0.237036 -0.970677 -0.0399865 0.957154 0.240386 -0.161466 0.166343 -4.61695e-18 0.986068)
(0.264382 -0.963381 -0.0447134 0.949892 0.268136 -0.16065 0.166756 -1.86887e-17 0.985998)
(0.291504 -0.955292 -0.049426 0.941849 0.295665 -0.159695 0.167169 -2.8525e-17 0.985928)
(0.31838 -0.946417 -0.0541201 0.933033 0.322948 -0.158602 0.167582 5.52345e-18 0.985858)
(0.344989 -0.936764 -0.0587918 0.92345 0.349963 -0.157371 0.167994 3.78851e-18 0.985788)
(0.371308 -0.92634 -0.0634368 0.91311 0.376688 -0.156002 0.168407 1.37305e-17 0.985718)
(0.397316 -0.915155 -0.0680512 0.90202 0.403101 -0.154496 0.168819 -2.94072e-17 0.985647)
(0.422991 -0.903218 -0.0726309 0.890191 0.429181 -0.152853 0.169231 -3.22927e-18 0.985576)
(0.448313 -0.890539 -0.0771719 0.877631 0.454906 -0.151074 0.169643 1.03e-17 0.985505)
(0.47326 -0.877129 -0.08167 0.864353 0.480255 -0.149161 0.170055 1.18e-18 0.985434)
(0.497813 -0.862998 -0.0861214 0.850367 0.505207 -0.147113 0.170467 2.57271e-17 0.985363)
(0.521951 -0.848159 -0.0905219 0.835684 0.529742 -0.144933 0.170879 6.00453e-18 0.985292)
(0.545655 -0.832623 -0.0948677 0.820317 0.55384 -0.142621 0.171291 -3.38825e-17 0.985221)
(0.568905 -0.816404 -0.0991548 0.80428 0.577481 -0.140178 0.171702 -2.56156e-17 0.985149)
(0.591682 -0.799516 -0.103379 0.787584 0.600645 -0.137608 0.172114 2.81926e-17 0.985077)
(0.613968 -0.781971 -0.107537 0.770246 0.623315 -0.13491 0.172525 -1.05795e-17 0.985005)
(0.635745 -0.763786 -0.111625 0.752278 0.64547 -0.132086 0.172936 -2.64374e-17 0.984933)
(0.656994 -0.744974 -0.115639 0.733696 0.667094 -0.129139 0.173347 -5.28957e-17 0.984861)
(0.6777 -0.725552 -0.119575 0.714515 0.688168 -0.12607 0.173758 -3.49716e-17 0.984788)
(0.697843 -0.705535 -0.123429 0.694752 0.708675 -0.122882 0.174169 3.98818e-17 0.984716)
(0.71741 -0.684941 -0.127198 0.674422 0.728599 -0.119577 0.174579 2.11993e-18 0.984643)
(0.736383 -0.663785 -0.130879 0.653543 0.747923 -0.116156 0.17499 -9.0719e-19 0.98457)
(0.754747 -0.642087 -0.134468 0.632133 0.766632 -0.112622 0.1754 8.5196e-18 0.984497)
(0.772488 -0.619863 -0.137961 0.610208 0.78471 -0.108979 0.175811 -1.15894e-17 0.984424)
(0.78959 -0.597132 -0.141354 0.587787 0.802143 -0.105227 0.176221 -1.67176e-17 0.984351)
(0.806041 -0.573912 -0.144646 0.564889 0.818917 -0.101371 0.176631 -1.9659e-17 0.984277)
(0.821827 -0.550224 -0.147832 0.541532 0.835017 -0.0974122 0.177041 7.5965e-19 0.984203)
(0.836935 -0.526086 -0.15091 0.517737 0.850431 -0.0933544 0.177451 -1.80802e-17 0.98413)
(0.851353 -0.501518 -0.153875 0.493522 0.865147 -0.0892003 0.17786 -3.24702e-18 0.984056)
(0.865069 -0.476541 -0.156726 0.468908 0.879152 -0.084953 0.17827 1.02052e-17 0.983982)
(0.878074 -0.451176 -0.15946 0.443915 0.892435 -0.0806158 0.178679 1.33445e-17 0.983907)
(0.890355 -0.425442 -0.162073 0.418564 0.904986 -0.0761918 0.179089 -6.83473e-18 0.983833)
(0.901903 -0.399361 -0.164563 0.392875 0.916794 -0.0716845 0.179498 1.49462e-17 0.983758)
(0.91271 -0.372955 -0.166927 0.36687 0.927849 -0.0670973 0.179907 8.4264e-18 0.983684)
(0.922766 -0.346246 -0.169162 0.34057 0.938144 -0.0624337 0.180316 -5.94317e-18 0.983609)
(0.932064 -0.319255 -0.171267 0.313998 0.947669 -0.0576972 0.180725 1.09728e-17 0.983534)
(0.940596 -0.292004 -0.173239 0.287174 0.956417 -0.0528917 0.181134 -4.31038e-18 0.983459)
(0.948356 -0.264517 -0.175076 0.260121 0.964381 -0.0480209 0.181542 4.72388e-18 0.983383)
(0.955337 -0.236814 -0.176775 0.232861 0.971555 -0.0430885 0.181951 -5.56053e-18 0.983308)
(0.961535 -0.20892 -0.178335 0.205417 0.977933 -0.0380985 0.182359 -1.45941e-17 0.983232)
(0.966943 -0.180858 -0.179753 0.177811 0.983509 -0.0330548 0.182767 6.97511e-18 0.983156)
(0.971559 -0.152649 -0.181028 0.150066 0.98828 -0.0279615 0.183175 -2.62666e-18 0.98308)
