/*--------------------------------*- C++ -*----------------------------------*\
| =========                 |                                                 |
| \\      /  F ield         | OpenFOAM: The Open Source CFD Toolbox           |
|  \\    /   O peration     | Version:  2312                                  |
|   \\  /    A nd           | Website:  www.openfoam.com                      |
|    \\/     M anipulation  |                                                 |
\*---------------------------------------------------------------------------*/
FoamFile
{
    version     2.0;
    format      ascii;
    arch        "LSB;label=32;scalar=64";
    class       vectorField;
    location    "constant/polyMesh";
    object      points;
}
// * * * * * * * * * * * * * * * * * * * * * * * * * * * * * * * * * * * * * //


1952
(
(7.98693847e-19 0 -0.004)
(7.833469447e-19 -0.000780361 -0.00392314)
(7.378972714e-19 -0.00153073 -0.00369552)
(6.64089973e-19 -0.00222228 -0.00332588)
(5.647624094e-19 -0.00282843 -0.00282843)
(4.437303406e-19 -0.00332588 -0.00222228)
(3.056461581e-19 -0.00369552 -0.00153073)
(1.558173823e-19 -0.00392314 -0.000780361)
(4.890582131e-35 -0.004 -2.44929e-19)
(-1.558173823e-19 -0.00392314 0.000780361)
(-3.056461581e-19 -0.00369552 0.00153073)
(-4.437303406e-19 -0.00332588 0.00222228)
(-5.647624094e-19 -0.00282843 0.00282843)
(-6.64089973e-19 -0.00222228 0.00332588)
(-7.378972714e-19 -0.00153073 0.00369552)
(-7.833469447e-19 -0.000780361 0.00392314)
(-7.98693847e-19 -4.89859e-19 0.004)
(-7.833469447e-19 0.000780361 0.00392314)
(-7.378972714e-19 0.00153073 0.00369552)
(-6.64089973e-19 0.00222228 0.00332588)
(-5.647624094e-19 0.00282843 0.00282843)
(-4.437303406e-19 0.00332588 0.00222228)
(-3.056461581e-19 0.00369552 0.00153073)
(-1.558173823e-19 0.00392314 0.000780361)
(-1.467176636e-34 0.004 7.34788e-19)
(1.558173823e-19 0.00392314 -0.000780361)
(3.056461581e-19 0.00369552 -0.00153073)
(4.437303406e-19 0.00332588 -0.00222228)
(5.647624094e-19 0.00282843 -0.00282843)
(6.64089973e-19 0.00222228 -0.00332588)
(7.378972714e-19 0.00153073 -0.00369552)
(7.833469447e-19 0.000780361 -0.00392314)
(0.0445283 0 -0.004)
(0.0445283 -0.000780361 -0.00392314)
(0.0445283 -0.00153073 -0.00369552)
(0.0445283 -0.00222228 -0.00332588)
(0.0445283 -0.00282843 -0.00282843)
(0.0445283 -0.00332588 -0.00222228)
(0.0445283 -0.00369552 -0.00153073)
(0.0445283 -0.00392314 -0.000780361)
(0.0445283 -0.004 8.646190807e-18)
(0.0445283 -0.00392314 0.000780361)
(0.0445283 -0.00369552 0.00153073)
(0.0445283 -0.00332588 0.00222228)
(0.0445283 -0.00282843 0.00282843)
(0.0445283 -0.00222228 0.00332588)
(0.0445283 -0.00153073 0.00369552)
(0.0445283 -0.000780361 0.00392314)
(0.0445283 -4.89859e-19 0.004)
(0.0445283 0.000780361 0.00392314)
(0.0445283 0.00153073 0.00369552)
(0.0445283 0.00222228 0.00332588)
(0.0445283 0.00282843 0.00282843)
(0.0445283 0.00332588 0.00222228)
(0.0445283 0.00369552 0.00153073)
(0.0445283 0.00392314 0.000780361)
(0.0445283 0.004 9.625907807e-18)
(0.0445283 0.00392314 -0.000780361)
(0.0445283 0.00369552 -0.00153073)
(0.0445283 0.00332588 -0.00222228)
(0.0445283 0.00282843 -0.00282843)
(0.0445283 0.00222228 -0.00332588)
(0.0445283 0.00153073 -0.00369552)
(0.0445283 0.000780361 -0.00392314)
(0.0890567 0 -0.004)
(0.0890567 -0.000780361 -0.00392314)
(0.0890567 -0.00153073 -0.00369552)
(0.0890567 -0.00222228 -0.00332588)
(0.0890567 -0.00282843 -0.00282843)
(0.0890567 -0.00332588 -0.00222228)
(0.0890567 -0.00369552 -0.00153073)
(0.0890567 -0.00392314 -0.000780361)
(0.0890567 -0.004 1.753733058e-17)
(0.0890567 -0.00392314 0.000780361)
(0.0890567 -0.00369552 0.00153073)
(0.0890567 -0.00332588 0.00222228)
(0.0890567 -0.00282843 0.00282843)
(0.0890567 -0.00222228 0.00332588)
(0.0890567 -0.00153073 0.00369552)
(0.0890567 -0.000780361 0.00392314)
(0.0890567 -4.89859e-19 0.004)
(0.0890567 0.000780361 0.00392314)
(0.0890567 0.00153073 0.00369552)
(0.0890567 0.00222228 0.00332588)
(0.0890567 0.00282843 0.00282843)
(0.0890567 0.00332588 0.00222228)
(0.0890567 0.00369552 0.00153073)
(0.0890567 0.00392314 0.000780361)
(0.0890567 0.004 1.851704758e-17)
(0.0890567 0.00392314 -0.000780361)
(0.0890567 0.00369552 -0.00153073)
(0.0890567 0.00332588 -0.00222228)
(0.0890567 0.00282843 -0.00282843)
(0.0890567 0.00222228 -0.00332588)
(0.0890567 0.00153073 -0.00369552)
(0.0890567 0.000780361 -0.00392314)
(0.133585 0 -0.004)
(0.133585 -0.000780361 -0.00392314)
(0.133585 -0.00153073 -0.00369552)
(0.133585 -0.00222228 -0.00332588)
(0.133585 -0.00282843 -0.00282843)
(0.133585 -0.00332588 -0.00222228)
(0.133585 -0.00369552 -0.00153073)
(0.133585 -0.00392314 -0.000780361)
(0.133585 -0.004 2.642845039e-17)
(0.133585 -0.00392314 0.000780361)
(0.133585 -0.00369552 0.00153073)
(0.133585 -0.00332588 0.00222228)
(0.133585 -0.00282843 0.00282843)
(0.133585 -0.00222228 0.00332588)
(0.133585 -0.00153073 0.00369552)
(0.133585 -0.000780361 0.00392314)
(0.133585 -4.89859e-19 0.004)
(0.133585 0.000780361 0.00392314)
(0.133585 0.00153073 0.00369552)
(0.133585 0.00222228 0.00332588)
(0.133585 0.00282843 0.00282843)
(0.133585 0.00332588 0.00222228)
(0.133585 0.00369552 0.00153073)
(0.133585 0.00392314 0.000780361)
(0.133585 0.004 2.740816739e-17)
(0.133585 0.00392314 -0.000780361)
(0.133585 0.00369552 -0.00153073)
(0.133585 0.00332588 -0.00222228)
(0.133585 0.00282843 -0.00282843)
(0.133585 0.00222228 -0.00332588)
(0.133585 0.00153073 -0.00369552)
(0.133585 0.000780361 -0.00392314)
(0.178113 0 -0.004)
(0.178113 -0.000780361 -0.00392314)
(0.178113 -0.00153073 -0.00369552)
(0.178113 -0.00222228 -0.00332588)
(0.178113 -0.00282843 -0.00282843)
(0.178113 -0.00332588 -0.00222228)
(0.178113 -0.00369552 -0.00153073)
(0.178113 -0.00392314 -0.000780361)
(0.178113 -0.004 3.531951029e-17)
(0.178113 -0.00392314 0.000780361)
(0.178113 -0.00369552 0.00153073)
(0.178113 -0.00332588 0.00222228)
(0.178113 -0.00282843 0.00282843)
(0.178113 -0.00222228 0.00332588)
(0.178113 -0.00153073 0.00369552)
(0.178113 -0.000780361 0.00392314)
(0.178113 -4.89859e-19 0.004)
(0.178113 0.000780361 0.00392314)
(0.178113 0.00153073 0.00369552)
(0.178113 0.00222228 0.00332588)
(0.178113 0.00282843 0.00282843)
(0.178113 0.00332588 0.00222228)
(0.178113 0.00369552 0.00153073)
(0.178113 0.00392314 0.000780361)
(0.178113 0.004 3.629922729e-17)
(0.178113 0.00392314 -0.000780361)
(0.178113 0.00369552 -0.00153073)
(0.178113 0.00332588 -0.00222228)
(0.178113 0.00282843 -0.00282843)
(0.178113 0.00222228 -0.00332588)
(0.178113 0.00153073 -0.00369552)
(0.178113 0.000780361 -0.00392314)
(0.222642 0 -0.004)
(0.222642 -0.000780361 -0.00392314)
(0.222642 -0.00153073 -0.00369552)
(0.222642 -0.00222228 -0.00332588)
(0.222642 -0.00282843 -0.00282843)
(0.222642 -0.00332588 -0.00222228)
(0.222642 -0.00369552 -0.00153073)
(0.222642 -0.00392314 -0.000780361)
(0.222642 -0.004 4.421076987e-17)
(0.222642 -0.00392314 0.000780361)
(0.222642 -0.00369552 0.00153073)
(0.222642 -0.00332588 0.00222228)
(0.222642 -0.00282843 0.00282843)
(0.222642 -0.00222228 0.00332588)
(0.222642 -0.00153073 0.00369552)
(0.222642 -0.000780361 0.00392314)
(0.222642 -4.89859e-19 0.004)
(0.222642 0.000780361 0.00392314)
(0.222642 0.00153073 0.00369552)
(0.222642 0.00222228 0.00332588)
(0.222642 0.00282843 0.00282843)
(0.222642 0.00332588 0.00222228)
(0.222642 0.00369552 0.00153073)
(0.222642 0.00392314 0.000780361)
(0.222642 0.004 4.519048687e-17)
(0.222642 0.00392314 -0.000780361)
(0.222642 0.00369552 -0.00153073)
(0.222642 0.00332588 -0.00222228)
(0.222642 0.00282843 -0.00282843)
(0.222642 0.00222228 -0.00332588)
(0.222642 0.00153073 -0.00369552)
(0.222642 0.000780361 -0.00392314)
(0.26717 0 -0.004)
(0.26717 -0.000780361 -0.00392314)
(0.26717 -0.00153073 -0.00369552)
(0.26717 -0.00222228 -0.00332588)
(0.26717 -0.00282843 -0.00282843)
(0.26717 -0.00332588 -0.00222228)
(0.26717 -0.00369552 -0.00153073)
(0.26717 -0.00392314 -0.000780361)
(0.26717 -0.004 5.310182978e-17)
(0.26717 -0.00392314 0.000780361)
(0.26717 -0.00369552 0.00153073)
(0.26717 -0.00332588 0.00222228)
(0.26717 -0.00282843 0.00282843)
(0.26717 -0.00222228 0.00332588)
(0.26717 -0.00153073 0.00369552)
(0.26717 -0.000780361 0.00392314)
(0.26717 -4.89859e-19 0.004)
(0.26717 0.000780361 0.00392314)
(0.26717 0.00153073 0.00369552)
(0.26717 0.00222228 0.00332588)
(0.26717 0.00282843 0.00282843)
(0.26717 0.00332588 0.00222228)
(0.26717 0.00369552 0.00153073)
(0.26717 0.00392314 0.000780361)
(0.26717 0.004 5.408154678e-17)
(0.26717 0.00392314 -0.000780361)
(0.26717 0.00369552 -0.00153073)
(0.26717 0.00332588 -0.00222228)
(0.26717 0.00282843 -0.00282843)
(0.26717 0.00222228 -0.00332588)
(0.26717 0.00153073 -0.00369552)
(0.26717 0.000780361 -0.00392314)
(0.311698 0 -0.004)
(0.311698 -0.000780361 -0.00392314)
(0.311698 -0.00153073 -0.00369552)
(0.311698 -0.00222228 -0.00332588)
(0.311698 -0.00282843 -0.00282843)
(0.311698 -0.00332588 -0.00222228)
(0.311698 -0.00369552 -0.00153073)
(0.311698 -0.00392314 -0.000780361)
(0.311698 -0.004 6.199288968e-17)
(0.311698 -0.00392314 0.000780361)
(0.311698 -0.00369552 0.00153073)
(0.311698 -0.00332588 0.00222228)
(0.311698 -0.00282843 0.00282843)
(0.311698 -0.00222228 0.00332588)
(0.311698 -0.00153073 0.00369552)
(0.311698 -0.000780361 0.00392314)
(0.311698 -4.89859e-19 0.004)
(0.311698 0.000780361 0.00392314)
(0.311698 0.00153073 0.00369552)
(0.311698 0.00222228 0.00332588)
(0.311698 0.00282843 0.00282843)
(0.311698 0.00332588 0.00222228)
(0.311698 0.00369552 0.00153073)
(0.311698 0.00392314 0.000780361)
(0.311698 0.004 6.297260668e-17)
(0.311698 0.00392314 -0.000780361)
(0.311698 0.00369552 -0.00153073)
(0.311698 0.00332588 -0.00222228)
(0.311698 0.00282843 -0.00282843)
(0.311698 0.00222228 -0.00332588)
(0.311698 0.00153073 -0.00369552)
(0.311698 0.000780361 -0.00392314)
(0.356227 0 -0.004)
(0.356227 -0.000780361 -0.00392314)
(0.356227 -0.00153073 -0.00369552)
(0.356227 -0.00222228 -0.00332588)
(0.356227 -0.00282843 -0.00282843)
(0.356227 -0.00332588 -0.00222228)
(0.356227 -0.00369552 -0.00153073)
(0.356227 -0.00392314 -0.000780361)
(0.356227 -0.004 7.088414926e-17)
(0.356227 -0.00392314 0.000780361)
(0.356227 -0.00369552 0.00153073)
(0.356227 -0.00332588 0.00222228)
(0.356227 -0.00282843 0.00282843)
(0.356227 -0.00222228 0.00332588)
(0.356227 -0.00153073 0.00369552)
(0.356227 -0.000780361 0.00392314)
(0.356227 -4.89859e-19 0.004)
(0.356227 0.000780361 0.00392314)
(0.356227 0.00153073 0.00369552)
(0.356227 0.00222228 0.00332588)
(0.356227 0.00282843 0.00282843)
(0.356227 0.00332588 0.00222228)
(0.356227 0.00369552 0.00153073)
(0.356227 0.00392314 0.000780361)
(0.356227 0.004 7.186386626e-17)
(0.356227 0.00392314 -0.000780361)
(0.356227 0.00369552 -0.00153073)
(0.356227 0.00332588 -0.00222228)
(0.356227 0.00282843 -0.00282843)
(0.356227 0.00222228 -0.00332588)
(0.356227 0.00153073 -0.00369552)
(0.356227 0.000780361 -0.00392314)
(0.400755 0 -0.004)
(0.400755 -0.000780361 -0.00392314)
(0.400755 -0.00153073 -0.00369552)
(0.400755 -0.00222228 -0.00332588)
(0.400755 -0.00282843 -0.00282843)
(0.400755 -0.00332588 -0.00222228)
(0.400755 -0.00369552 -0.00153073)
(0.400755 -0.00392314 -0.000780361)
(0.400755 -0.004 7.977520917e-17)
(0.400755 -0.00392314 0.000780361)
(0.400755 -0.00369552 0.00153073)
(0.400755 -0.00332588 0.00222228)
(0.400755 -0.00282843 0.00282843)
(0.400755 -0.00222228 0.00332588)
(0.400755 -0.00153073 0.00369552)
(0.400755 -0.000780361 0.00392314)
(0.400755 -4.89859e-19 0.004)
(0.400755 0.000780361 0.00392314)
(0.400755 0.00153073 0.00369552)
(0.400755 0.00222228 0.00332588)
(0.400755 0.00282843 0.00282843)
(0.400755 0.00332588 0.00222228)
(0.400755 0.00369552 0.00153073)
(0.400755 0.00392314 0.000780361)
(0.400755 0.004 8.075492617e-17)
(0.400755 0.00392314 -0.000780361)
(0.400755 0.00369552 -0.00153073)
(0.400755 0.00332588 -0.00222228)
(0.400755 0.00282843 -0.00282843)
(0.400755 0.00222228 -0.00332588)
(0.400755 0.00153073 -0.00369552)
(0.400755 0.000780361 -0.00392314)
(0.445283 0 -0.004)
(0.445283 -0.000780361 -0.00392314)
(0.445283 -0.00153073 -0.00369552)
(0.445283 -0.00222228 -0.00332588)
(0.445283 -0.00282843 -0.00282843)
(0.445283 -0.00332588 -0.00222228)
(0.445283 -0.00369552 -0.00153073)
(0.445283 -0.00392314 -0.000780361)
(0.445283 -0.004 8.866626907e-17)
(0.445283 -0.00392314 0.000780361)
(0.445283 -0.00369552 0.00153073)
(0.445283 -0.00332588 0.00222228)
(0.445283 -0.00282843 0.00282843)
(0.445283 -0.00222228 0.00332588)
(0.445283 -0.00153073 0.00369552)
(0.445283 -0.000780361 0.00392314)
(0.445283 -4.89859e-19 0.004)
(0.445283 0.000780361 0.00392314)
(0.445283 0.00153073 0.00369552)
(0.445283 0.00222228 0.00332588)
(0.445283 0.00282843 0.00282843)
(0.445283 0.00332588 0.00222228)
(0.445283 0.00369552 0.00153073)
(0.445283 0.00392314 0.000780361)
(0.445283 0.004 8.964598607e-17)
(0.445283 0.00392314 -0.000780361)
(0.445283 0.00369552 -0.00153073)
(0.445283 0.00332588 -0.00222228)
(0.445283 0.00282843 -0.00282843)
(0.445283 0.00222228 -0.00332588)
(0.445283 0.00153073 -0.00369552)
(0.445283 0.000780361 -0.00392314)
(0.489812 0 -0.004)
(0.489812 -0.000780361 -0.00392314)
(0.489812 -0.00153073 -0.00369552)
(0.489812 -0.00222228 -0.00332588)
(0.489812 -0.00282843 -0.00282843)
(0.489812 -0.00332588 -0.00222228)
(0.489812 -0.00369552 -0.00153073)
(0.489812 -0.00392314 -0.000780361)
(0.489812 -0.004 9.755752865e-17)
(0.489812 -0.00392314 0.000780361)
(0.489812 -0.00369552 0.00153073)
(0.489812 -0.00332588 0.00222228)
(0.489812 -0.00282843 0.00282843)
(0.489812 -0.00222228 0.00332588)
(0.489812 -0.00153073 0.00369552)
(0.489812 -0.000780361 0.00392314)
(0.489812 -4.89859e-19 0.004)
(0.489812 0.000780361 0.00392314)
(0.489812 0.00153073 0.00369552)
(0.489812 0.00222228 0.00332588)
(0.489812 0.00282843 0.00282843)
(0.489812 0.00332588 0.00222228)
(0.489812 0.00369552 0.00153073)
(0.489812 0.00392314 0.000780361)
(0.489812 0.004 9.853724565e-17)
(0.489812 0.00392314 -0.000780361)
(0.489812 0.00369552 -0.00153073)
(0.489812 0.00332588 -0.00222228)
(0.489812 0.00282843 -0.00282843)
(0.489812 0.00222228 -0.00332588)
(0.489812 0.00153073 -0.00369552)
(0.489812 0.000780361 -0.00392314)
(0.53434 0 -0.004)
(0.53434 -0.000780361 -0.00392314)
(0.53434 -0.00153073 -0.00369552)
(0.53434 -0.00222228 -0.00332588)
(0.53434 -0.00282843 -0.00282843)
(0.53434 -0.00332588 -0.00222228)
(0.53434 -0.00369552 -0.00153073)
(0.53434 -0.00392314 -0.000780361)
(0.53434 -0.004 1.064485886e-16)
(0.53434 -0.00392314 0.000780361)
(0.53434 -0.00369552 0.00153073)
(0.53434 -0.00332588 0.00222228)
(0.53434 -0.00282843 0.00282843)
(0.53434 -0.00222228 0.00332588)
(0.53434 -0.00153073 0.00369552)
(0.53434 -0.000780361 0.00392314)
(0.53434 -4.89859e-19 0.004)
(0.53434 0.000780361 0.00392314)
(0.53434 0.00153073 0.00369552)
(0.53434 0.00222228 0.00332588)
(0.53434 0.00282843 0.00282843)
(0.53434 0.00332588 0.00222228)
(0.53434 0.00369552 0.00153073)
(0.53434 0.00392314 0.000780361)
(0.53434 0.004 1.074283056e-16)
(0.53434 0.00392314 -0.000780361)
(0.53434 0.00369552 -0.00153073)
(0.53434 0.00332588 -0.00222228)
(0.53434 0.00282843 -0.00282843)
(0.53434 0.00222228 -0.00332588)
(0.53434 0.00153073 -0.00369552)
(0.53434 0.000780361 -0.00392314)
(0.578868 0 -0.004)
(0.578868 -0.000780361 -0.00392314)
(0.578868 -0.00153073 -0.00369552)
(0.578868 -0.00222228 -0.00332588)
(0.578868 -0.00282843 -0.00282843)
(0.578868 -0.00332588 -0.00222228)
(0.578868 -0.00369552 -0.00153073)
(0.578868 -0.00392314 -0.000780361)
(0.578868 -0.004 1.153396485e-16)
(0.578868 -0.00392314 0.000780361)
(0.578868 -0.00369552 0.00153073)
(0.578868 -0.00332588 0.00222228)
(0.578868 -0.00282843 0.00282843)
(0.578868 -0.00222228 0.00332588)
(0.578868 -0.00153073 0.00369552)
(0.578868 -0.000780361 0.00392314)
(0.578868 -4.89859e-19 0.004)
(0.578868 0.000780361 0.00392314)
(0.578868 0.00153073 0.00369552)
(0.578868 0.00222228 0.00332588)
(0.578868 0.00282843 0.00282843)
(0.578868 0.00332588 0.00222228)
(0.578868 0.00369552 0.00153073)
(0.578868 0.00392314 0.000780361)
(0.578868 0.004 1.163193655e-16)
(0.578868 0.00392314 -0.000780361)
(0.578868 0.00369552 -0.00153073)
(0.578868 0.00332588 -0.00222228)
(0.578868 0.00282843 -0.00282843)
(0.578868 0.00222228 -0.00332588)
(0.578868 0.00153073 -0.00369552)
(0.578868 0.000780361 -0.00392314)
(0.623397 0 -0.004)
(0.623397 -0.000780361 -0.00392314)
(0.623397 -0.00153073 -0.00369552)
(0.623397 -0.00222228 -0.00332588)
(0.623397 -0.00282843 -0.00282843)
(0.623397 -0.00332588 -0.00222228)
(0.623397 -0.00369552 -0.00153073)
(0.623397 -0.00392314 -0.000780361)
(0.623397 -0.004 1.24230908e-16)
(0.623397 -0.00392314 0.000780361)
(0.623397 -0.00369552 0.00153073)
(0.623397 -0.00332588 0.00222228)
(0.623397 -0.00282843 0.00282843)
(0.623397 -0.00222228 0.00332588)
(0.623397 -0.00153073 0.00369552)
(0.623397 -0.000780361 0.00392314)
(0.623397 -4.89859e-19 0.004)
(0.623397 0.000780361 0.00392314)
(0.623397 0.00153073 0.00369552)
(0.623397 0.00222228 0.00332588)
(0.623397 0.00282843 0.00282843)
(0.623397 0.00332588 0.00222228)
(0.623397 0.00369552 0.00153073)
(0.623397 0.00392314 0.000780361)
(0.623397 0.004 1.25210625e-16)
(0.623397 0.00392314 -0.000780361)
(0.623397 0.00369552 -0.00153073)
(0.623397 0.00332588 -0.00222228)
(0.623397 0.00282843 -0.00282843)
(0.623397 0.00222228 -0.00332588)
(0.623397 0.00153073 -0.00369552)
(0.623397 0.000780361 -0.00392314)
(0.667925 0 -0.004)
(0.667925 -0.000780361 -0.00392314)
(0.667925 -0.00153073 -0.00369552)
(0.667925 -0.00222228 -0.00332588)
(0.667925 -0.00282843 -0.00282843)
(0.667925 -0.00332588 -0.00222228)
(0.667925 -0.00369552 -0.00153073)
(0.667925 -0.00392314 -0.000780361)
(0.667925 -0.004 1.331219679e-16)
(0.667925 -0.00392314 0.000780361)
(0.667925 -0.00369552 0.00153073)
(0.667925 -0.00332588 0.00222228)
(0.667925 -0.00282843 0.00282843)
(0.667925 -0.00222228 0.00332588)
(0.667925 -0.00153073 0.00369552)
(0.667925 -0.000780361 0.00392314)
(0.667925 -4.89859e-19 0.004)
(0.667925 0.000780361 0.00392314)
(0.667925 0.00153073 0.00369552)
(0.667925 0.00222228 0.00332588)
(0.667925 0.00282843 0.00282843)
(0.667925 0.00332588 0.00222228)
(0.667925 0.00369552 0.00153073)
(0.667925 0.00392314 0.000780361)
(0.667925 0.004 1.341016849e-16)
(0.667925 0.00392314 -0.000780361)
(0.667925 0.00369552 -0.00153073)
(0.667925 0.00332588 -0.00222228)
(0.667925 0.00282843 -0.00282843)
(0.667925 0.00222228 -0.00332588)
(0.667925 0.00153073 -0.00369552)
(0.667925 0.000780361 -0.00392314)
(0.712453 0 -0.004)
(0.712453 -0.000780361 -0.00392314)
(0.712453 -0.00153073 -0.00369552)
(0.712453 -0.00222228 -0.00332588)
(0.712453 -0.00282843 -0.00282843)
(0.712453 -0.00332588 -0.00222228)
(0.712453 -0.00369552 -0.00153073)
(0.712453 -0.00392314 -0.000780361)
(0.712453 -0.004 1.420130278e-16)
(0.712453 -0.00392314 0.000780361)
(0.712453 -0.00369552 0.00153073)
(0.712453 -0.00332588 0.00222228)
(0.712453 -0.00282843 0.00282843)
(0.712453 -0.00222228 0.00332588)
(0.712453 -0.00153073 0.00369552)
(0.712453 -0.000780361 0.00392314)
(0.712453 -4.89859e-19 0.004)
(0.712453 0.000780361 0.00392314)
(0.712453 0.00153073 0.00369552)
(0.712453 0.00222228 0.00332588)
(0.712453 0.00282843 0.00282843)
(0.712453 0.00332588 0.00222228)
(0.712453 0.00369552 0.00153073)
(0.712453 0.00392314 0.000780361)
(0.712453 0.004 1.429927448e-16)
(0.712453 0.00392314 -0.000780361)
(0.712453 0.00369552 -0.00153073)
(0.712453 0.00332588 -0.00222228)
(0.712453 0.00282843 -0.00282843)
(0.712453 0.00222228 -0.00332588)
(0.712453 0.00153073 -0.00369552)
(0.712453 0.000780361 -0.00392314)
(0.756982 0 -0.004)
(0.756982 -0.000780361 -0.00392314)
(0.756982 -0.00153073 -0.00369552)
(0.756982 -0.00222228 -0.00332588)
(0.756982 -0.00282843 -0.00282843)
(0.756982 -0.00332588 -0.00222228)
(0.756982 -0.00369552 -0.00153073)
(0.756982 -0.00392314 -0.000780361)
(0.756982 -0.004 1.509042874e-16)
(0.756982 -0.00392314 0.000780361)
(0.756982 -0.00369552 0.00153073)
(0.756982 -0.00332588 0.00222228)
(0.756982 -0.00282843 0.00282843)
(0.756982 -0.00222228 0.00332588)
(0.756982 -0.00153073 0.00369552)
(0.756982 -0.000780361 0.00392314)
(0.756982 -4.89859e-19 0.004)
(0.756982 0.000780361 0.00392314)
(0.756982 0.00153073 0.00369552)
(0.756982 0.00222228 0.00332588)
(0.756982 0.00282843 0.00282843)
(0.756982 0.00332588 0.00222228)
(0.756982 0.00369552 0.00153073)
(0.756982 0.00392314 0.000780361)
(0.756982 0.004 1.518840044e-16)
(0.756982 0.00392314 -0.000780361)
(0.756982 0.00369552 -0.00153073)
(0.756982 0.00332588 -0.00222228)
(0.756982 0.00282843 -0.00282843)
(0.756982 0.00222228 -0.00332588)
(0.756982 0.00153073 -0.00369552)
(0.756982 0.000780361 -0.00392314)
(0.80151 0 -0.004)
(0.80151 -0.000780361 -0.00392314)
(0.80151 -0.00153073 -0.00369552)
(0.80151 -0.00222228 -0.00332588)
(0.80151 -0.00282843 -0.00282843)
(0.80151 -0.00332588 -0.00222228)
(0.80151 -0.00369552 -0.00153073)
(0.80151 -0.00392314 -0.000780361)
(0.80151 -0.004 1.597953473e-16)
(0.80151 -0.00392314 0.000780361)
(0.80151 -0.00369552 0.00153073)
(0.80151 -0.00332588 0.00222228)
(0.80151 -0.00282843 0.00282843)
(0.80151 -0.00222228 0.00332588)
(0.80151 -0.00153073 0.00369552)
(0.80151 -0.000780361 0.00392314)
(0.80151 -4.89859e-19 0.004)
(0.80151 0.000780361 0.00392314)
(0.80151 0.00153073 0.00369552)
(0.80151 0.00222228 0.00332588)
(0.80151 0.00282843 0.00282843)
(0.80151 0.00332588 0.00222228)
(0.80151 0.00369552 0.00153073)
(0.80151 0.00392314 0.000780361)
(0.80151 0.004 1.607750643e-16)
(0.80151 0.00392314 -0.000780361)
(0.80151 0.00369552 -0.00153073)
(0.80151 0.00332588 -0.00222228)
(0.80151 0.00282843 -0.00282843)
(0.80151 0.00222228 -0.00332588)
(0.80151 0.00153073 -0.00369552)
(0.80151 0.000780361 -0.00392314)
(0.846038 0 -0.004)
(0.846038 -0.000780361 -0.00392314)
(0.846038 -0.00153073 -0.00369552)
(0.846038 -0.00222228 -0.00332588)
(0.846038 -0.00282843 -0.00282843)
(0.846038 -0.00332588 -0.00222228)
(0.846038 -0.00369552 -0.00153073)
(0.846038 -0.00392314 -0.000780361)
(0.846038 -0.004 1.686864072e-16)
(0.846038 -0.00392314 0.000780361)
(0.846038 -0.00369552 0.00153073)
(0.846038 -0.00332588 0.00222228)
(0.846038 -0.00282843 0.00282843)
(0.846038 -0.00222228 0.00332588)
(0.846038 -0.00153073 0.00369552)
(0.846038 -0.000780361 0.00392314)
(0.846038 -4.89859e-19 0.004)
(0.846038 0.000780361 0.00392314)
(0.846038 0.00153073 0.00369552)
(0.846038 0.00222228 0.00332588)
(0.846038 0.00282843 0.00282843)
(0.846038 0.00332588 0.00222228)
(0.846038 0.00369552 0.00153073)
(0.846038 0.00392314 0.000780361)
(0.846038 0.004 1.696661242e-16)
(0.846038 0.00392314 -0.000780361)
(0.846038 0.00369552 -0.00153073)
(0.846038 0.00332588 -0.00222228)
(0.846038 0.00282843 -0.00282843)
(0.846038 0.00222228 -0.00332588)
(0.846038 0.00153073 -0.00369552)
(0.846038 0.000780361 -0.00392314)
(0.890567 0 -0.004)
(0.890567 -0.000780361 -0.00392314)
(0.890567 -0.00153073 -0.00369552)
(0.890567 -0.00222228 -0.00332588)
(0.890567 -0.00282843 -0.00282843)
(0.890567 -0.00332588 -0.00222228)
(0.890567 -0.00369552 -0.00153073)
(0.890567 -0.00392314 -0.000780361)
(0.890567 -0.004 1.775776668e-16)
(0.890567 -0.00392314 0.000780361)
(0.890567 -0.00369552 0.00153073)
(0.890567 -0.00332588 0.00222228)
(0.890567 -0.00282843 0.00282843)
(0.890567 -0.00222228 0.00332588)
(0.890567 -0.00153073 0.00369552)
(0.890567 -0.000780361 0.00392314)
(0.890567 -4.89859e-19 0.004)
(0.890567 0.000780361 0.00392314)
(0.890567 0.00153073 0.00369552)
(0.890567 0.00222228 0.00332588)
(0.890567 0.00282843 0.00282843)
(0.890567 0.00332588 0.00222228)
(0.890567 0.00369552 0.00153073)
(0.890567 0.00392314 0.000780361)
(0.890567 0.004 1.785573838e-16)
(0.890567 0.00392314 -0.000780361)
(0.890567 0.00369552 -0.00153073)
(0.890567 0.00332588 -0.00222228)
(0.890567 0.00282843 -0.00282843)
(0.890567 0.00222228 -0.00332588)
(0.890567 0.00153073 -0.00369552)
(0.890567 0.000780361 -0.00392314)
(0.935095 0 -0.004)
(0.935095 -0.000780361 -0.00392314)
(0.935095 -0.00153073 -0.00369552)
(0.935095 -0.00222228 -0.00332588)
(0.935095 -0.00282843 -0.00282843)
(0.935095 -0.00332588 -0.00222228)
(0.935095 -0.00369552 -0.00153073)
(0.935095 -0.00392314 -0.000780361)
(0.935095 -0.004 1.864687267e-16)
(0.935095 -0.00392314 0.000780361)
(0.935095 -0.00369552 0.00153073)
(0.935095 -0.00332588 0.00222228)
(0.935095 -0.00282843 0.00282843)
(0.935095 -0.00222228 0.00332588)
(0.935095 -0.00153073 0.00369552)
(0.935095 -0.000780361 0.00392314)
(0.935095 -4.89859e-19 0.004)
(0.935095 0.000780361 0.00392314)
(0.935095 0.00153073 0.00369552)
(0.935095 0.00222228 0.00332588)
(0.935095 0.00282843 0.00282843)
(0.935095 0.00332588 0.00222228)
(0.935095 0.00369552 0.00153073)
(0.935095 0.00392314 0.000780361)
(0.935095 0.004 1.874484437e-16)
(0.935095 0.00392314 -0.000780361)
(0.935095 0.00369552 -0.00153073)
(0.935095 0.00332588 -0.00222228)
(0.935095 0.00282843 -0.00282843)
(0.935095 0.00222228 -0.00332588)
(0.935095 0.00153073 -0.00369552)
(0.935095 0.000780361 -0.00392314)
(0.979623 0 -0.004)
(0.979623 -0.000780361 -0.00392314)
(0.979623 -0.00153073 -0.00369552)
(0.979623 -0.00222228 -0.00332588)
(0.979623 -0.00282843 -0.00282843)
(0.979623 -0.00332588 -0.00222228)
(0.979623 -0.00369552 -0.00153073)
(0.979623 -0.00392314 -0.000780361)
(0.979623 -0.004 1.953597866e-16)
(0.979623 -0.00392314 0.000780361)
(0.979623 -0.00369552 0.00153073)
(0.979623 -0.00332588 0.00222228)
(0.979623 -0.00282843 0.00282843)
(0.979623 -0.00222228 0.00332588)
(0.979623 -0.00153073 0.00369552)
(0.979623 -0.000780361 0.00392314)
(0.979623 -4.89859e-19 0.004)
(0.979623 0.000780361 0.00392314)
(0.979623 0.00153073 0.00369552)
(0.979623 0.00222228 0.00332588)
(0.979623 0.00282843 0.00282843)
(0.979623 0.00332588 0.00222228)
(0.979623 0.00369552 0.00153073)
(0.979623 0.00392314 0.000780361)
(0.979623 0.004 1.963395036e-16)
(0.979623 0.00392314 -0.000780361)
(0.979623 0.00369552 -0.00153073)
(0.979623 0.00332588 -0.00222228)
(0.979623 0.00282843 -0.00282843)
(0.979623 0.00222228 -0.00332588)
(0.979623 0.00153073 -0.00369552)
(0.979623 0.000780361 -0.00392314)
(1.02415 0 -0.004)
(1.02415 -0.000780361 -0.00392314)
(1.02415 -0.00153073 -0.00369552)
(1.02415 -0.00222228 -0.00332588)
(1.02415 -0.00282843 -0.00282843)
(1.02415 -0.00332588 -0.00222228)
(1.02415 -0.00369552 -0.00153073)
(1.02415 -0.00392314 -0.000780361)
(1.02415 -0.004 2.042506469e-16)
(1.02415 -0.00392314 0.000780361)
(1.02415 -0.00369552 0.00153073)
(1.02415 -0.00332588 0.00222228)
(1.02415 -0.00282843 0.00282843)
(1.02415 -0.00222228 0.00332588)
(1.02415 -0.00153073 0.00369552)
(1.02415 -0.000780361 0.00392314)
(1.02415 -4.89859e-19 0.004)
(1.02415 0.000780361 0.00392314)
(1.02415 0.00153073 0.00369552)
(1.02415 0.00222228 0.00332588)
(1.02415 0.00282843 0.00282843)
(1.02415 0.00332588 0.00222228)
(1.02415 0.00369552 0.00153073)
(1.02415 0.00392314 0.000780361)
(1.02415 0.004 2.052303639e-16)
(1.02415 0.00392314 -0.000780361)
(1.02415 0.00369552 -0.00153073)
(1.02415 0.00332588 -0.00222228)
(1.02415 0.00282843 -0.00282843)
(1.02415 0.00222228 -0.00332588)
(1.02415 0.00153073 -0.00369552)
(1.02415 0.000780361 -0.00392314)
(1.06868 0 -0.004)
(1.06868 -0.000780361 -0.00392314)
(1.06868 -0.00153073 -0.00369552)
(1.06868 -0.00222228 -0.00332588)
(1.06868 -0.00282843 -0.00282843)
(1.06868 -0.00332588 -0.00222228)
(1.06868 -0.00369552 -0.00153073)
(1.06868 -0.00392314 -0.000780361)
(1.06868 -0.004 2.131421061e-16)
(1.06868 -0.00392314 0.000780361)
(1.06868 -0.00369552 0.00153073)
(1.06868 -0.00332588 0.00222228)
(1.06868 -0.00282843 0.00282843)
(1.06868 -0.00222228 0.00332588)
(1.06868 -0.00153073 0.00369552)
(1.06868 -0.000780361 0.00392314)
(1.06868 -4.89859e-19 0.004)
(1.06868 0.000780361 0.00392314)
(1.06868 0.00153073 0.00369552)
(1.06868 0.00222228 0.00332588)
(1.06868 0.00282843 0.00282843)
(1.06868 0.00332588 0.00222228)
(1.06868 0.00369552 0.00153073)
(1.06868 0.00392314 0.000780361)
(1.06868 0.004 2.141218231e-16)
(1.06868 0.00392314 -0.000780361)
(1.06868 0.00369552 -0.00153073)
(1.06868 0.00332588 -0.00222228)
(1.06868 0.00282843 -0.00282843)
(1.06868 0.00222228 -0.00332588)
(1.06868 0.00153073 -0.00369552)
(1.06868 0.000780361 -0.00392314)
(1.11321 0 -0.004)
(1.11321 -0.000780361 -0.00392314)
(1.11321 -0.00153073 -0.00369552)
(1.11321 -0.00222228 -0.00332588)
(1.11321 -0.00282843 -0.00282843)
(1.11321 -0.00332588 -0.00222228)
(1.11321 -0.00369552 -0.00153073)
(1.11321 -0.00392314 -0.000780361)
(1.11321 -0.004 2.220335654e-16)
(1.11321 -0.00392314 0.000780361)
(1.11321 -0.00369552 0.00153073)
(1.11321 -0.00332588 0.00222228)
(1.11321 -0.00282843 0.00282843)
(1.11321 -0.00222228 0.00332588)
(1.11321 -0.00153073 0.00369552)
(1.11321 -0.000780361 0.00392314)
(1.11321 -4.89859e-19 0.004)
(1.11321 0.000780361 0.00392314)
(1.11321 0.00153073 0.00369552)
(1.11321 0.00222228 0.00332588)
(1.11321 0.00282843 0.00282843)
(1.11321 0.00332588 0.00222228)
(1.11321 0.00369552 0.00153073)
(1.11321 0.00392314 0.000780361)
(1.11321 0.004 2.230132824e-16)
(1.11321 0.00392314 -0.000780361)
(1.11321 0.00369552 -0.00153073)
(1.11321 0.00332588 -0.00222228)
(1.11321 0.00282843 -0.00282843)
(1.11321 0.00222228 -0.00332588)
(1.11321 0.00153073 -0.00369552)
(1.11321 0.000780361 -0.00392314)
(1.15774 0 -0.004)
(1.15774 -0.000780361 -0.00392314)
(1.15774 -0.00153073 -0.00369552)
(1.15774 -0.00222228 -0.00332588)
(1.15774 -0.00282843 -0.00282843)
(1.15774 -0.00332588 -0.00222228)
(1.15774 -0.00369552 -0.00153073)
(1.15774 -0.00392314 -0.000780361)
(1.15774 -0.004 2.309250246e-16)
(1.15774 -0.00392314 0.000780361)
(1.15774 -0.00369552 0.00153073)
(1.15774 -0.00332588 0.00222228)
(1.15774 -0.00282843 0.00282843)
(1.15774 -0.00222228 0.00332588)
(1.15774 -0.00153073 0.00369552)
(1.15774 -0.000780361 0.00392314)
(1.15774 -4.89859e-19 0.004)
(1.15774 0.000780361 0.00392314)
(1.15774 0.00153073 0.00369552)
(1.15774 0.00222228 0.00332588)
(1.15774 0.00282843 0.00282843)
(1.15774 0.00332588 0.00222228)
(1.15774 0.00369552 0.00153073)
(1.15774 0.00392314 0.000780361)
(1.15774 0.004 2.319047416e-16)
(1.15774 0.00392314 -0.000780361)
(1.15774 0.00369552 -0.00153073)
(1.15774 0.00332588 -0.00222228)
(1.15774 0.00282843 -0.00282843)
(1.15774 0.00222228 -0.00332588)
(1.15774 0.00153073 -0.00369552)
(1.15774 0.000780361 -0.00392314)
(1.20226 0 -0.004)
(1.20226 -0.000780361 -0.00392314)
(1.20226 -0.00153073 -0.00369552)
(1.20226 -0.00222228 -0.00332588)
(1.20226 -0.00282843 -0.00282843)
(1.20226 -0.00332588 -0.00222228)
(1.20226 -0.00369552 -0.00153073)
(1.20226 -0.00392314 -0.000780361)
(1.20226 -0.004 2.398144871e-16)
(1.20226 -0.00392314 0.000780361)
(1.20226 -0.00369552 0.00153073)
(1.20226 -0.00332588 0.00222228)
(1.20226 -0.00282843 0.00282843)
(1.20226 -0.00222228 0.00332588)
(1.20226 -0.00153073 0.00369552)
(1.20226 -0.000780361 0.00392314)
(1.20226 -4.89859e-19 0.004)
(1.20226 0.000780361 0.00392314)
(1.20226 0.00153073 0.00369552)
(1.20226 0.00222228 0.00332588)
(1.20226 0.00282843 0.00282843)
(1.20226 0.00332588 0.00222228)
(1.20226 0.00369552 0.00153073)
(1.20226 0.00392314 0.000780361)
(1.20226 0.004 2.407942041e-16)
(1.20226 0.00392314 -0.000780361)
(1.20226 0.00369552 -0.00153073)
(1.20226 0.00332588 -0.00222228)
(1.20226 0.00282843 -0.00282843)
(1.20226 0.00222228 -0.00332588)
(1.20226 0.00153073 -0.00369552)
(1.20226 0.000780361 -0.00392314)
(1.24679 0 -0.004)
(1.24679 -0.000780361 -0.00392314)
(1.24679 -0.00153073 -0.00369552)
(1.24679 -0.00222228 -0.00332588)
(1.24679 -0.00282843 -0.00282843)
(1.24679 -0.00332588 -0.00222228)
(1.24679 -0.00369552 -0.00153073)
(1.24679 -0.00392314 -0.000780361)
(1.24679 -0.004 2.487059464e-16)
(1.24679 -0.00392314 0.000780361)
(1.24679 -0.00369552 0.00153073)
(1.24679 -0.00332588 0.00222228)
(1.24679 -0.00282843 0.00282843)
(1.24679 -0.00222228 0.00332588)
(1.24679 -0.00153073 0.00369552)
(1.24679 -0.000780361 0.00392314)
(1.24679 -4.89859e-19 0.004)
(1.24679 0.000780361 0.00392314)
(1.24679 0.00153073 0.00369552)
(1.24679 0.00222228 0.00332588)
(1.24679 0.00282843 0.00282843)
(1.24679 0.00332588 0.00222228)
(1.24679 0.00369552 0.00153073)
(1.24679 0.00392314 0.000780361)
(1.24679 0.004 2.496856634e-16)
(1.24679 0.00392314 -0.000780361)
(1.24679 0.00369552 -0.00153073)
(1.24679 0.00332588 -0.00222228)
(1.24679 0.00282843 -0.00282843)
(1.24679 0.00222228 -0.00332588)
(1.24679 0.00153073 -0.00369552)
(1.24679 0.000780361 -0.00392314)
(1.29132 0 -0.004)
(1.29132 -0.000780361 -0.00392314)
(1.29132 -0.00153073 -0.00369552)
(1.29132 -0.00222228 -0.00332588)
(1.29132 -0.00282843 -0.00282843)
(1.29132 -0.00332588 -0.00222228)
(1.29132 -0.00369552 -0.00153073)
(1.29132 -0.00392314 -0.000780361)
(1.29132 -0.004 2.575974056e-16)
(1.29132 -0.00392314 0.000780361)
(1.29132 -0.00369552 0.00153073)
(1.29132 -0.00332588 0.00222228)
(1.29132 -0.00282843 0.00282843)
(1.29132 -0.00222228 0.00332588)
(1.29132 -0.00153073 0.00369552)
(1.29132 -0.000780361 0.00392314)
(1.29132 -4.89859e-19 0.004)
(1.29132 0.000780361 0.00392314)
(1.29132 0.00153073 0.00369552)
(1.29132 0.00222228 0.00332588)
(1.29132 0.00282843 0.00282843)
(1.29132 0.00332588 0.00222228)
(1.29132 0.00369552 0.00153073)
(1.29132 0.00392314 0.000780361)
(1.29132 0.004 2.585771226e-16)
(1.29132 0.00392314 -0.000780361)
(1.29132 0.00369552 -0.00153073)
(1.29132 0.00332588 -0.00222228)
(1.29132 0.00282843 -0.00282843)
(1.29132 0.00222228 -0.00332588)
(1.29132 0.00153073 -0.00369552)
(1.29132 0.000780361 -0.00392314)
(1.33585 0 -0.004)
(1.33585 -0.000780361 -0.00392314)
(1.33585 -0.00153073 -0.00369552)
(1.33585 -0.00222228 -0.00332588)
(1.33585 -0.00282843 -0.00282843)
(1.33585 -0.00332588 -0.00222228)
(1.33585 -0.00369552 -0.00153073)
(1.33585 -0.00392314 -0.000780361)
(1.33585 -0.004 2.664888649e-16)
(1.33585 -0.00392314 0.000780361)
(1.33585 -0.00369552 0.00153073)
(1.33585 -0.00332588 0.00222228)
(1.33585 -0.00282843 0.00282843)
(1.33585 -0.00222228 0.00332588)
(1.33585 -0.00153073 0.00369552)
(1.33585 -0.000780361 0.00392314)
(1.33585 -4.89859e-19 0.004)
(1.33585 0.000780361 0.00392314)
(1.33585 0.00153073 0.00369552)
(1.33585 0.00222228 0.00332588)
(1.33585 0.00282843 0.00282843)
(1.33585 0.00332588 0.00222228)
(1.33585 0.00369552 0.00153073)
(1.33585 0.00392314 0.000780361)
(1.33585 0.004 2.674685819e-16)
(1.33585 0.00392314 -0.000780361)
(1.33585 0.00369552 -0.00153073)
(1.33585 0.00332588 -0.00222228)
(1.33585 0.00282843 -0.00282843)
(1.33585 0.00222228 -0.00332588)
(1.33585 0.00153073 -0.00369552)
(1.33585 0.000780361 -0.00392314)
(1.38038 0 -0.004)
(1.38038 -0.000780361 -0.00392314)
(1.38038 -0.00153073 -0.00369552)
(1.38038 -0.00222228 -0.00332588)
(1.38038 -0.00282843 -0.00282843)
(1.38038 -0.00332588 -0.00222228)
(1.38038 -0.00369552 -0.00153073)
(1.38038 -0.00392314 -0.000780361)
(1.38038 -0.004 2.753803241e-16)
(1.38038 -0.00392314 0.000780361)
(1.38038 -0.00369552 0.00153073)
(1.38038 -0.00332588 0.00222228)
(1.38038 -0.00282843 0.00282843)
(1.38038 -0.00222228 0.00332588)
(1.38038 -0.00153073 0.00369552)
(1.38038 -0.000780361 0.00392314)
(1.38038 -4.89859e-19 0.004)
(1.38038 0.000780361 0.00392314)
(1.38038 0.00153073 0.00369552)
(1.38038 0.00222228 0.00332588)
(1.38038 0.00282843 0.00282843)
(1.38038 0.00332588 0.00222228)
(1.38038 0.00369552 0.00153073)
(1.38038 0.00392314 0.000780361)
(1.38038 0.004 2.763600411e-16)
(1.38038 0.00392314 -0.000780361)
(1.38038 0.00369552 -0.00153073)
(1.38038 0.00332588 -0.00222228)
(1.38038 0.00282843 -0.00282843)
(1.38038 0.00222228 -0.00332588)
(1.38038 0.00153073 -0.00369552)
(1.38038 0.000780361 -0.00392314)
(1.42491 0 -0.004)
(1.42491 -0.000780361 -0.00392314)
(1.42491 -0.00153073 -0.00369552)
(1.42491 -0.00222228 -0.00332588)
(1.42491 -0.00282843 -0.00282843)
(1.42491 -0.00332588 -0.00222228)
(1.42491 -0.00369552 -0.00153073)
(1.42491 -0.00392314 -0.000780361)
(1.42491 -0.004 2.842717834e-16)
(1.42491 -0.00392314 0.000780361)
(1.42491 -0.00369552 0.00153073)
(1.42491 -0.00332588 0.00222228)
(1.42491 -0.00282843 0.00282843)
(1.42491 -0.00222228 0.00332588)
(1.42491 -0.00153073 0.00369552)
(1.42491 -0.000780361 0.00392314)
(1.42491 -4.89859e-19 0.004)
(1.42491 0.000780361 0.00392314)
(1.42491 0.00153073 0.00369552)
(1.42491 0.00222228 0.00332588)
(1.42491 0.00282843 0.00282843)
(1.42491 0.00332588 0.00222228)
(1.42491 0.00369552 0.00153073)
(1.42491 0.00392314 0.000780361)
(1.42491 0.004 2.852515004e-16)
(1.42491 0.00392314 -0.000780361)
(1.42491 0.00369552 -0.00153073)
(1.42491 0.00332588 -0.00222228)
(1.42491 0.00282843 -0.00282843)
(1.42491 0.00222228 -0.00332588)
(1.42491 0.00153073 -0.00369552)
(1.42491 0.000780361 -0.00392314)
(1.46943 0 -0.004)
(1.46943 -0.000780361 -0.00392314)
(1.46943 -0.00153073 -0.00369552)
(1.46943 -0.00222228 -0.00332588)
(1.46943 -0.00282843 -0.00282843)
(1.46943 -0.00332588 -0.00222228)
(1.46943 -0.00369552 -0.00153073)
(1.46943 -0.00392314 -0.000780361)
(1.46943 -0.004 2.931612459e-16)
(1.46943 -0.00392314 0.000780361)
(1.46943 -0.00369552 0.00153073)
(1.46943 -0.00332588 0.00222228)
(1.46943 -0.00282843 0.00282843)
(1.46943 -0.00222228 0.00332588)
(1.46943 -0.00153073 0.00369552)
(1.46943 -0.000780361 0.00392314)
(1.46943 -4.89859e-19 0.004)
(1.46943 0.000780361 0.00392314)
(1.46943 0.00153073 0.00369552)
(1.46943 0.00222228 0.00332588)
(1.46943 0.00282843 0.00282843)
(1.46943 0.00332588 0.00222228)
(1.46943 0.00369552 0.00153073)
(1.46943 0.00392314 0.000780361)
(1.46943 0.004 2.941409629e-16)
(1.46943 0.00392314 -0.000780361)
(1.46943 0.00369552 -0.00153073)
(1.46943 0.00332588 -0.00222228)
(1.46943 0.00282843 -0.00282843)
(1.46943 0.00222228 -0.00332588)
(1.46943 0.00153073 -0.00369552)
(1.46943 0.000780361 -0.00392314)
(1.51396 0 -0.004)
(1.51396 -0.000780361 -0.00392314)
(1.51396 -0.00153073 -0.00369552)
(1.51396 -0.00222228 -0.00332588)
(1.51396 -0.00282843 -0.00282843)
(1.51396 -0.00332588 -0.00222228)
(1.51396 -0.00369552 -0.00153073)
(1.51396 -0.00392314 -0.000780361)
(1.51396 -0.004 3.020527052e-16)
(1.51396 -0.00392314 0.000780361)
(1.51396 -0.00369552 0.00153073)
(1.51396 -0.00332588 0.00222228)
(1.51396 -0.00282843 0.00282843)
(1.51396 -0.00222228 0.00332588)
(1.51396 -0.00153073 0.00369552)
(1.51396 -0.000780361 0.00392314)
(1.51396 -4.89859e-19 0.004)
(1.51396 0.000780361 0.00392314)
(1.51396 0.00153073 0.00369552)
(1.51396 0.00222228 0.00332588)
(1.51396 0.00282843 0.00282843)
(1.51396 0.00332588 0.00222228)
(1.51396 0.00369552 0.00153073)
(1.51396 0.00392314 0.000780361)
(1.51396 0.004 3.030324222e-16)
(1.51396 0.00392314 -0.000780361)
(1.51396 0.00369552 -0.00153073)
(1.51396 0.00332588 -0.00222228)
(1.51396 0.00282843 -0.00282843)
(1.51396 0.00222228 -0.00332588)
(1.51396 0.00153073 -0.00369552)
(1.51396 0.000780361 -0.00392314)
(1.55849 0 -0.004)
(1.55849 -0.000780361 -0.00392314)
(1.55849 -0.00153073 -0.00369552)
(1.55849 -0.00222228 -0.00332588)
(1.55849 -0.00282843 -0.00282843)
(1.55849 -0.00332588 -0.00222228)
(1.55849 -0.00369552 -0.00153073)
(1.55849 -0.00392314 -0.000780361)
(1.55849 -0.004 3.109441644e-16)
(1.55849 -0.00392314 0.000780361)
(1.55849 -0.00369552 0.00153073)
(1.55849 -0.00332588 0.00222228)
(1.55849 -0.00282843 0.00282843)
(1.55849 -0.00222228 0.00332588)
(1.55849 -0.00153073 0.00369552)
(1.55849 -0.000780361 0.00392314)
(1.55849 -4.89859e-19 0.004)
(1.55849 0.000780361 0.00392314)
(1.55849 0.00153073 0.00369552)
(1.55849 0.00222228 0.00332588)
(1.55849 0.00282843 0.00282843)
(1.55849 0.00332588 0.00222228)
(1.55849 0.00369552 0.00153073)
(1.55849 0.00392314 0.000780361)
(1.55849 0.004 3.119238814e-16)
(1.55849 0.00392314 -0.000780361)
(1.55849 0.00369552 -0.00153073)
(1.55849 0.00332588 -0.00222228)
(1.55849 0.00282843 -0.00282843)
(1.55849 0.00222228 -0.00332588)
(1.55849 0.00153073 -0.00369552)
(1.55849 0.000780361 -0.00392314)
(1.60302 0 -0.004)
(1.60302 -0.000780361 -0.00392314)
(1.60302 -0.00153073 -0.00369552)
(1.60302 -0.00222228 -0.00332588)
(1.60302 -0.00282843 -0.00282843)
(1.60302 -0.00332588 -0.00222228)
(1.60302 -0.00369552 -0.00153073)
(1.60302 -0.00392314 -0.000780361)
(1.60302 -0.004 3.198356237e-16)
(1.60302 -0.00392314 0.000780361)
(1.60302 -0.00369552 0.00153073)
(1.60302 -0.00332588 0.00222228)
(1.60302 -0.00282843 0.00282843)
(1.60302 -0.00222228 0.00332588)
(1.60302 -0.00153073 0.00369552)
(1.60302 -0.000780361 0.00392314)
(1.60302 -4.89859e-19 0.004)
(1.60302 0.000780361 0.00392314)
(1.60302 0.00153073 0.00369552)
(1.60302 0.00222228 0.00332588)
(1.60302 0.00282843 0.00282843)
(1.60302 0.00332588 0.00222228)
(1.60302 0.00369552 0.00153073)
(1.60302 0.00392314 0.000780361)
(1.60302 0.004 3.208153407e-16)
(1.60302 0.00392314 -0.000780361)
(1.60302 0.00369552 -0.00153073)
(1.60302 0.00332588 -0.00222228)
(1.60302 0.00282843 -0.00282843)
(1.60302 0.00222228 -0.00332588)
(1.60302 0.00153073 -0.00369552)
(1.60302 0.000780361 -0.00392314)
(1.64755 0 -0.004)
(1.64755 -0.000780361 -0.00392314)
(1.64755 -0.00153073 -0.00369552)
(1.64755 -0.00222228 -0.00332588)
(1.64755 -0.00282843 -0.00282843)
(1.64755 -0.00332588 -0.00222228)
(1.64755 -0.00369552 -0.00153073)
(1.64755 -0.00392314 -0.000780361)
(1.64755 -0.004 3.287270829e-16)
(1.64755 -0.00392314 0.000780361)
(1.64755 -0.00369552 0.00153073)
(1.64755 -0.00332588 0.00222228)
(1.64755 -0.00282843 0.00282843)
(1.64755 -0.00222228 0.00332588)
(1.64755 -0.00153073 0.00369552)
(1.64755 -0.000780361 0.00392314)
(1.64755 -4.89859e-19 0.004)
(1.64755 0.000780361 0.00392314)
(1.64755 0.00153073 0.00369552)
(1.64755 0.00222228 0.00332588)
(1.64755 0.00282843 0.00282843)
(1.64755 0.00332588 0.00222228)
(1.64755 0.00369552 0.00153073)
(1.64755 0.00392314 0.000780361)
(1.64755 0.004 3.297067999e-16)
(1.64755 0.00392314 -0.000780361)
(1.64755 0.00369552 -0.00153073)
(1.64755 0.00332588 -0.00222228)
(1.64755 0.00282843 -0.00282843)
(1.64755 0.00222228 -0.00332588)
(1.64755 0.00153073 -0.00369552)
(1.64755 0.000780361 -0.00392314)
(1.69208 0 -0.004)
(1.69208 -0.000780361 -0.00392314)
(1.69208 -0.00153073 -0.00369552)
(1.69208 -0.00222228 -0.00332588)
(1.69208 -0.00282843 -0.00282843)
(1.69208 -0.00332588 -0.00222228)
(1.69208 -0.00369552 -0.00153073)
(1.69208 -0.00392314 -0.000780361)
(1.69208 -0.004 3.376185422e-16)
(1.69208 -0.00392314 0.000780361)
(1.69208 -0.00369552 0.00153073)
(1.69208 -0.00332588 0.00222228)
(1.69208 -0.00282843 0.00282843)
(1.69208 -0.00222228 0.00332588)
(1.69208 -0.00153073 0.00369552)
(1.69208 -0.000780361 0.00392314)
(1.69208 -4.89859e-19 0.004)
(1.69208 0.000780361 0.00392314)
(1.69208 0.00153073 0.00369552)
(1.69208 0.00222228 0.00332588)
(1.69208 0.00282843 0.00282843)
(1.69208 0.00332588 0.00222228)
(1.69208 0.00369552 0.00153073)
(1.69208 0.00392314 0.000780361)
(1.69208 0.004 3.385982592e-16)
(1.69208 0.00392314 -0.000780361)
(1.69208 0.00369552 -0.00153073)
(1.69208 0.00332588 -0.00222228)
(1.69208 0.00282843 -0.00282843)
(1.69208 0.00222228 -0.00332588)
(1.69208 0.00153073 -0.00369552)
(1.69208 0.000780361 -0.00392314)
(1.7366 0 -0.004)
(1.7366 -0.000780361 -0.00392314)
(1.7366 -0.00153073 -0.00369552)
(1.7366 -0.00222228 -0.00332588)
(1.7366 -0.00282843 -0.00282843)
(1.7366 -0.00332588 -0.00222228)
(1.7366 -0.00369552 -0.00153073)
(1.7366 -0.00392314 -0.000780361)
(1.7366 -0.004 3.465080047e-16)
(1.7366 -0.00392314 0.000780361)
(1.7366 -0.00369552 0.00153073)
(1.7366 -0.00332588 0.00222228)
(1.7366 -0.00282843 0.00282843)
(1.7366 -0.00222228 0.00332588)
(1.7366 -0.00153073 0.00369552)
(1.7366 -0.000780361 0.00392314)
(1.7366 -4.89859e-19 0.004)
(1.7366 0.000780361 0.00392314)
(1.7366 0.00153073 0.00369552)
(1.7366 0.00222228 0.00332588)
(1.7366 0.00282843 0.00282843)
(1.7366 0.00332588 0.00222228)
(1.7366 0.00369552 0.00153073)
(1.7366 0.00392314 0.000780361)
(1.7366 0.004 3.474877217e-16)
(1.7366 0.00392314 -0.000780361)
(1.7366 0.00369552 -0.00153073)
(1.7366 0.00332588 -0.00222228)
(1.7366 0.00282843 -0.00282843)
(1.7366 0.00222228 -0.00332588)
(1.7366 0.00153073 -0.00369552)
(1.7366 0.000780361 -0.00392314)
(1.78113 0 -0.004)
(1.78113 -0.000780361 -0.00392314)
(1.78113 -0.00153073 -0.00369552)
(1.78113 -0.00222228 -0.00332588)
(1.78113 -0.00282843 -0.00282843)
(1.78113 -0.00332588 -0.00222228)
(1.78113 -0.00369552 -0.00153073)
(1.78113 -0.00392314 -0.000780361)
(1.78113 -0.004 3.553994639e-16)
(1.78113 -0.00392314 0.000780361)
(1.78113 -0.00369552 0.00153073)
(1.78113 -0.00332588 0.00222228)
(1.78113 -0.00282843 0.00282843)
(1.78113 -0.00222228 0.00332588)
(1.78113 -0.00153073 0.00369552)
(1.78113 -0.000780361 0.00392314)
(1.78113 -4.89859e-19 0.004)
(1.78113 0.000780361 0.00392314)
(1.78113 0.00153073 0.00369552)
(1.78113 0.00222228 0.00332588)
(1.78113 0.00282843 0.00282843)
(1.78113 0.00332588 0.00222228)
(1.78113 0.00369552 0.00153073)
(1.78113 0.00392314 0.000780361)
(1.78113 0.004 3.563791809e-16)
(1.78113 0.00392314 -0.000780361)
(1.78113 0.00369552 -0.00153073)
(1.78113 0.00332588 -0.00222228)
(1.78113 0.00282843 -0.00282843)
(1.78113 0.00222228 -0.00332588)
(1.78113 0.00153073 -0.00369552)
(1.78113 0.000780361 -0.00392314)
(1.82566 0 -0.004)
(1.82566 -0.000780361 -0.00392314)
(1.82566 -0.00153073 -0.00369552)
(1.82566 -0.00222228 -0.00332588)
(1.82566 -0.00282843 -0.00282843)
(1.82566 -0.00332588 -0.00222228)
(1.82566 -0.00369552 -0.00153073)
(1.82566 -0.00392314 -0.000780361)
(1.82566 -0.004 3.642909232e-16)
(1.82566 -0.00392314 0.000780361)
(1.82566 -0.00369552 0.00153073)
(1.82566 -0.00332588 0.00222228)
(1.82566 -0.00282843 0.00282843)
(1.82566 -0.00222228 0.00332588)
(1.82566 -0.00153073 0.00369552)
(1.82566 -0.000780361 0.00392314)
(1.82566 -4.89859e-19 0.004)
(1.82566 0.000780361 0.00392314)
(1.82566 0.00153073 0.00369552)
(1.82566 0.00222228 0.00332588)
(1.82566 0.00282843 0.00282843)
(1.82566 0.00332588 0.00222228)
(1.82566 0.00369552 0.00153073)
(1.82566 0.00392314 0.000780361)
(1.82566 0.004 3.652706402e-16)
(1.82566 0.00392314 -0.000780361)
(1.82566 0.00369552 -0.00153073)
(1.82566 0.00332588 -0.00222228)
(1.82566 0.00282843 -0.00282843)
(1.82566 0.00222228 -0.00332588)
(1.82566 0.00153073 -0.00369552)
(1.82566 0.000780361 -0.00392314)
(1.87019 0 -0.004)
(1.87019 -0.000780361 -0.00392314)
(1.87019 -0.00153073 -0.00369552)
(1.87019 -0.00222228 -0.00332588)
(1.87019 -0.00282843 -0.00282843)
(1.87019 -0.00332588 -0.00222228)
(1.87019 -0.00369552 -0.00153073)
(1.87019 -0.00392314 -0.000780361)
(1.87019 -0.004 3.731823824e-16)
(1.87019 -0.00392314 0.000780361)
(1.87019 -0.00369552 0.00153073)
(1.87019 -0.00332588 0.00222228)
(1.87019 -0.00282843 0.00282843)
(1.87019 -0.00222228 0.00332588)
(1.87019 -0.00153073 0.00369552)
(1.87019 -0.000780361 0.00392314)
(1.87019 -4.89859e-19 0.004)
(1.87019 0.000780361 0.00392314)
(1.87019 0.00153073 0.00369552)
(1.87019 0.00222228 0.00332588)
(1.87019 0.00282843 0.00282843)
(1.87019 0.00332588 0.00222228)
(1.87019 0.00369552 0.00153073)
(1.87019 0.00392314 0.000780361)
(1.87019 0.004 3.741620994e-16)
(1.87019 0.00392314 -0.000780361)
(1.87019 0.00369552 -0.00153073)
(1.87019 0.00332588 -0.00222228)
(1.87019 0.00282843 -0.00282843)
(1.87019 0.00222228 -0.00332588)
(1.87019 0.00153073 -0.00369552)
(1.87019 0.000780361 -0.00392314)
(1.91472 0 -0.004)
(1.91472 -0.000780361 -0.00392314)
(1.91472 -0.00153073 -0.00369552)
(1.91472 -0.00222228 -0.00332588)
(1.91472 -0.00282843 -0.00282843)
(1.91472 -0.00332588 -0.00222228)
(1.91472 -0.00369552 -0.00153073)
(1.91472 -0.00392314 -0.000780361)
(1.91472 -0.004 3.820738417e-16)
(1.91472 -0.00392314 0.000780361)
(1.91472 -0.00369552 0.00153073)
(1.91472 -0.00332588 0.00222228)
(1.91472 -0.00282843 0.00282843)
(1.91472 -0.00222228 0.00332588)
(1.91472 -0.00153073 0.00369552)
(1.91472 -0.000780361 0.00392314)
(1.91472 -4.89859e-19 0.004)
(1.91472 0.000780361 0.00392314)
(1.91472 0.00153073 0.00369552)
(1.91472 0.00222228 0.00332588)
(1.91472 0.00282843 0.00282843)
(1.91472 0.00332588 0.00222228)
(1.91472 0.00369552 0.00153073)
(1.91472 0.00392314 0.000780361)
(1.91472 0.004 3.830535587e-16)
(1.91472 0.00392314 -0.000780361)
(1.91472 0.00369552 -0.00153073)
(1.91472 0.00332588 -0.00222228)
(1.91472 0.00282843 -0.00282843)
(1.91472 0.00222228 -0.00332588)
(1.91472 0.00153073 -0.00369552)
(1.91472 0.000780361 -0.00392314)
(1.95925 0 -0.004)
(1.95925 -0.000780361 -0.00392314)
(1.95925 -0.00153073 -0.00369552)
(1.95925 -0.00222228 -0.00332588)
(1.95925 -0.00282843 -0.00282843)
(1.95925 -0.00332588 -0.00222228)
(1.95925 -0.00369552 -0.00153073)
(1.95925 -0.00392314 -0.000780361)
(1.95925 -0.004 3.909653009e-16)
(1.95925 -0.00392314 0.000780361)
(1.95925 -0.00369552 0.00153073)
(1.95925 -0.00332588 0.00222228)
(1.95925 -0.00282843 0.00282843)
(1.95925 -0.00222228 0.00332588)
(1.95925 -0.00153073 0.00369552)
(1.95925 -0.000780361 0.00392314)
(1.95925 -4.89859e-19 0.004)
(1.95925 0.000780361 0.00392314)
(1.95925 0.00153073 0.00369552)
(1.95925 0.00222228 0.00332588)
(1.95925 0.00282843 0.00282843)
(1.95925 0.00332588 0.00222228)
(1.95925 0.00369552 0.00153073)
(1.95925 0.00392314 0.000780361)
(1.95925 0.004 3.919450179e-16)
(1.95925 0.00392314 -0.000780361)
(1.95925 0.00369552 -0.00153073)
(1.95925 0.00332588 -0.00222228)
(1.95925 0.00282843 -0.00282843)
(1.95925 0.00222228 -0.00332588)
(1.95925 0.00153073 -0.00369552)
(1.95925 0.000780361 -0.00392314)
(2.00377 0 -0.004)
(2.00377 -0.000780361 -0.00392314)
(2.00377 -0.00153073 -0.00369552)
(2.00377 -0.00222228 -0.00332588)
(2.00377 -0.00282843 -0.00282843)
(2.00377 -0.00332588 -0.00222228)
(2.00377 -0.00369552 -0.00153073)
(2.00377 -0.00392314 -0.000780361)
(2.00377 -0.004 3.998547635e-16)
(2.00377 -0.00392314 0.000780361)
(2.00377 -0.00369552 0.00153073)
(2.00377 -0.00332588 0.00222228)
(2.00377 -0.00282843 0.00282843)
(2.00377 -0.00222228 0.00332588)
(2.00377 -0.00153073 0.00369552)
(2.00377 -0.000780361 0.00392314)
(2.00377 -4.89859e-19 0.004)
(2.00377 0.000780361 0.00392314)
(2.00377 0.00153073 0.00369552)
(2.00377 0.00222228 0.00332588)
(2.00377 0.00282843 0.00282843)
(2.00377 0.00332588 0.00222228)
(2.00377 0.00369552 0.00153073)
(2.00377 0.00392314 0.000780361)
(2.00377 0.004 4.008344805e-16)
(2.00377 0.00392314 -0.000780361)
(2.00377 0.00369552 -0.00153073)
(2.00377 0.00332588 -0.00222228)
(2.00377 0.00282843 -0.00282843)
(2.00377 0.00222228 -0.00332588)
(2.00377 0.00153073 -0.00369552)
(2.00377 0.000780361 -0.00392314)
(2.0483 0 -0.004)
(2.0483 -0.000780361 -0.00392314)
(2.0483 -0.00153073 -0.00369552)
(2.0483 -0.00222228 -0.00332588)
(2.0483 -0.00282843 -0.00282843)
(2.0483 -0.00332588 -0.00222228)
(2.0483 -0.00369552 -0.00153073)
(2.0483 -0.00392314 -0.000780361)
(2.0483 -0.004 4.087462227e-16)
(2.0483 -0.00392314 0.000780361)
(2.0483 -0.00369552 0.00153073)
(2.0483 -0.00332588 0.00222228)
(2.0483 -0.00282843 0.00282843)
(2.0483 -0.00222228 0.00332588)
(2.0483 -0.00153073 0.00369552)
(2.0483 -0.000780361 0.00392314)
(2.0483 -4.89859e-19 0.004)
(2.0483 0.000780361 0.00392314)
(2.0483 0.00153073 0.00369552)
(2.0483 0.00222228 0.00332588)
(2.0483 0.00282843 0.00282843)
(2.0483 0.00332588 0.00222228)
(2.0483 0.00369552 0.00153073)
(2.0483 0.00392314 0.000780361)
(2.0483 0.004 4.097259397e-16)
(2.0483 0.00392314 -0.000780361)
(2.0483 0.00369552 -0.00153073)
(2.0483 0.00332588 -0.00222228)
(2.0483 0.00282843 -0.00282843)
(2.0483 0.00222228 -0.00332588)
(2.0483 0.00153073 -0.00369552)
(2.0483 0.000780361 -0.00392314)
(2.09283 0 -0.004)
(2.09283 -0.000780361 -0.00392314)
(2.09283 -0.00153073 -0.00369552)
(2.09283 -0.00222228 -0.00332588)
(2.09283 -0.00282843 -0.00282843)
(2.09283 -0.00332588 -0.00222228)
(2.09283 -0.00369552 -0.00153073)
(2.09283 -0.00392314 -0.000780361)
(2.09283 -0.004 4.17637682e-16)
(2.09283 -0.00392314 0.000780361)
(2.09283 -0.00369552 0.00153073)
(2.09283 -0.00332588 0.00222228)
(2.09283 -0.00282843 0.00282843)
(2.09283 -0.00222228 0.00332588)
(2.09283 -0.00153073 0.00369552)
(2.09283 -0.000780361 0.00392314)
(2.09283 -4.89859e-19 0.004)
(2.09283 0.000780361 0.00392314)
(2.09283 0.00153073 0.00369552)
(2.09283 0.00222228 0.00332588)
(2.09283 0.00282843 0.00282843)
(2.09283 0.00332588 0.00222228)
(2.09283 0.00369552 0.00153073)
(2.09283 0.00392314 0.000780361)
(2.09283 0.004 4.18617399e-16)
(2.09283 0.00392314 -0.000780361)
(2.09283 0.00369552 -0.00153073)
(2.09283 0.00332588 -0.00222228)
(2.09283 0.00282843 -0.00282843)
(2.09283 0.00222228 -0.00332588)
(2.09283 0.00153073 -0.00369552)
(2.09283 0.000780361 -0.00392314)
(2.13736 0 -0.004)
(2.13736 -0.000780361 -0.00392314)
(2.13736 -0.00153073 -0.00369552)
(2.13736 -0.00222228 -0.00332588)
(2.13736 -0.00282843 -0.00282843)
(2.13736 -0.00332588 -0.00222228)
(2.13736 -0.00369552 -0.00153073)
(2.13736 -0.00392314 -0.000780361)
(2.13736 -0.004 4.265291412e-16)
(2.13736 -0.00392314 0.000780361)
(2.13736 -0.00369552 0.00153073)
(2.13736 -0.00332588 0.00222228)
(2.13736 -0.00282843 0.00282843)
(2.13736 -0.00222228 0.00332588)
(2.13736 -0.00153073 0.00369552)
(2.13736 -0.000780361 0.00392314)
(2.13736 -4.89859e-19 0.004)
(2.13736 0.000780361 0.00392314)
(2.13736 0.00153073 0.00369552)
(2.13736 0.00222228 0.00332588)
(2.13736 0.00282843 0.00282843)
(2.13736 0.00332588 0.00222228)
(2.13736 0.00369552 0.00153073)
(2.13736 0.00392314 0.000780361)
(2.13736 0.004 4.275088582e-16)
(2.13736 0.00392314 -0.000780361)
(2.13736 0.00369552 -0.00153073)
(2.13736 0.00332588 -0.00222228)
(2.13736 0.00282843 -0.00282843)
(2.13736 0.00222228 -0.00332588)
(2.13736 0.00153073 -0.00369552)
(2.13736 0.000780361 -0.00392314)
(2.18189 0 -0.004)
(2.18189 -0.000780361 -0.00392314)
(2.18189 -0.00153073 -0.00369552)
(2.18189 -0.00222228 -0.00332588)
(2.18189 -0.00282843 -0.00282843)
(2.18189 -0.00332588 -0.00222228)
(2.18189 -0.00369552 -0.00153073)
(2.18189 -0.00392314 -0.000780361)
(2.18189 -0.004 4.354206005e-16)
(2.18189 -0.00392314 0.000780361)
(2.18189 -0.00369552 0.00153073)
(2.18189 -0.00332588 0.00222228)
(2.18189 -0.00282843 0.00282843)
(2.18189 -0.00222228 0.00332588)
(2.18189 -0.00153073 0.00369552)
(2.18189 -0.000780361 0.00392314)
(2.18189 -4.89859e-19 0.004)
(2.18189 0.000780361 0.00392314)
(2.18189 0.00153073 0.00369552)
(2.18189 0.00222228 0.00332588)
(2.18189 0.00282843 0.00282843)
(2.18189 0.00332588 0.00222228)
(2.18189 0.00369552 0.00153073)
(2.18189 0.00392314 0.000780361)
(2.18189 0.004 4.364003175e-16)
(2.18189 0.00392314 -0.000780361)
(2.18189 0.00369552 -0.00153073)
(2.18189 0.00332588 -0.00222228)
(2.18189 0.00282843 -0.00282843)
(2.18189 0.00222228 -0.00332588)
(2.18189 0.00153073 -0.00369552)
(2.18189 0.000780361 -0.00392314)
(2.22642 0 -0.004)
(2.22642 -0.000780361 -0.00392314)
(2.22642 -0.00153073 -0.00369552)
(2.22642 -0.00222228 -0.00332588)
(2.22642 -0.00282843 -0.00282843)
(2.22642 -0.00332588 -0.00222228)
(2.22642 -0.00369552 -0.00153073)
(2.22642 -0.00392314 -0.000780361)
(2.22642 -0.004 4.443120597e-16)
(2.22642 -0.00392314 0.000780361)
(2.22642 -0.00369552 0.00153073)
(2.22642 -0.00332588 0.00222228)
(2.22642 -0.00282843 0.00282843)
(2.22642 -0.00222228 0.00332588)
(2.22642 -0.00153073 0.00369552)
(2.22642 -0.000780361 0.00392314)
(2.22642 -4.89859e-19 0.004)
(2.22642 0.000780361 0.00392314)
(2.22642 0.00153073 0.00369552)
(2.22642 0.00222228 0.00332588)
(2.22642 0.00282843 0.00282843)
(2.22642 0.00332588 0.00222228)
(2.22642 0.00369552 0.00153073)
(2.22642 0.00392314 0.000780361)
(2.22642 0.004 4.452917767e-16)
(2.22642 0.00392314 -0.000780361)
(2.22642 0.00369552 -0.00153073)
(2.22642 0.00332588 -0.00222228)
(2.22642 0.00282843 -0.00282843)
(2.22642 0.00222228 -0.00332588)
(2.22642 0.00153073 -0.00369552)
(2.22642 0.000780361 -0.00392314)
(2.27094 0 -0.004)
(2.27094 -0.000780361 -0.00392314)
(2.27094 -0.00153073 -0.00369552)
(2.27094 -0.00222228 -0.00332588)
(2.27094 -0.00282843 -0.00282843)
(2.27094 -0.00332588 -0.00222228)
(2.27094 -0.00369552 -0.00153073)
(2.27094 -0.00392314 -0.000780361)
(2.27094 -0.004 4.532015222e-16)
(2.27094 -0.00392314 0.000780361)
(2.27094 -0.00369552 0.00153073)
(2.27094 -0.00332588 0.00222228)
(2.27094 -0.00282843 0.00282843)
(2.27094 -0.00222228 0.00332588)
(2.27094 -0.00153073 0.00369552)
(2.27094 -0.000780361 0.00392314)
(2.27094 -4.89859e-19 0.004)
(2.27094 0.000780361 0.00392314)
(2.27094 0.00153073 0.00369552)
(2.27094 0.00222228 0.00332588)
(2.27094 0.00282843 0.00282843)
(2.27094 0.00332588 0.00222228)
(2.27094 0.00369552 0.00153073)
(2.27094 0.00392314 0.000780361)
(2.27094 0.004 4.541812392e-16)
(2.27094 0.00392314 -0.000780361)
(2.27094 0.00369552 -0.00153073)
(2.27094 0.00332588 -0.00222228)
(2.27094 0.00282843 -0.00282843)
(2.27094 0.00222228 -0.00332588)
(2.27094 0.00153073 -0.00369552)
(2.27094 0.000780361 -0.00392314)
(2.31547 0 -0.004)
(2.31547 -0.000780361 -0.00392314)
(2.31547 -0.00153073 -0.00369552)
(2.31547 -0.00222228 -0.00332588)
(2.31547 -0.00282843 -0.00282843)
(2.31547 -0.00332588 -0.00222228)
(2.31547 -0.00369552 -0.00153073)
(2.31547 -0.00392314 -0.000780361)
(2.31547 -0.004 4.620929815e-16)
(2.31547 -0.00392314 0.000780361)
(2.31547 -0.00369552 0.00153073)
(2.31547 -0.00332588 0.00222228)
(2.31547 -0.00282843 0.00282843)
(2.31547 -0.00222228 0.00332588)
(2.31547 -0.00153073 0.00369552)
(2.31547 -0.000780361 0.00392314)
(2.31547 -4.89859e-19 0.004)
(2.31547 0.000780361 0.00392314)
(2.31547 0.00153073 0.00369552)
(2.31547 0.00222228 0.00332588)
(2.31547 0.00282843 0.00282843)
(2.31547 0.00332588 0.00222228)
(2.31547 0.00369552 0.00153073)
(2.31547 0.00392314 0.000780361)
(2.31547 0.004 4.630726985e-16)
(2.31547 0.00392314 -0.000780361)
(2.31547 0.00369552 -0.00153073)
(2.31547 0.00332588 -0.00222228)
(2.31547 0.00282843 -0.00282843)
(2.31547 0.00222228 -0.00332588)
(2.31547 0.00153073 -0.00369552)
(2.31547 0.000780361 -0.00392314)
(2.36 0 -0.004)
(2.36 -0.000780361 -0.00392314)
(2.36 -0.00153073 -0.00369552)
(2.36 -0.00222228 -0.00332588)
(2.36 -0.00282843 -0.00282843)
(2.36 -0.00332588 -0.00222228)
(2.36 -0.00369552 -0.00153073)
(2.36 -0.00392314 -0.000780361)
(2.36 -0.004 4.709844407e-16)
(2.36 -0.00392314 0.000780361)
(2.36 -0.00369552 0.00153073)
(2.36 -0.00332588 0.00222228)
(2.36 -0.00282843 0.00282843)
(2.36 -0.00222228 0.00332588)
(2.36 -0.00153073 0.00369552)
(2.36 -0.000780361 0.00392314)
(2.36 -4.89859e-19 0.004)
(2.36 0.000780361 0.00392314)
(2.36 0.00153073 0.00369552)
(2.36 0.00222228 0.00332588)
(2.36 0.00282843 0.00282843)
(2.36 0.00332588 0.00222228)
(2.36 0.00369552 0.00153073)
(2.36 0.00392314 0.000780361)
(2.36 0.004 4.719641577e-16)
(2.36 0.00392314 -0.000780361)
(2.36 0.00369552 -0.00153073)
(2.36 0.00332588 -0.00222228)
(2.36 0.00282843 -0.00282843)
(2.36 0.00222228 -0.00332588)
(2.36 0.00153073 -0.00369552)
(2.36 0.000780361 -0.00392314)
(2.40453 0 -0.004)
(2.40453 -0.000780361 -0.00392314)
(2.40453 -0.00153073 -0.00369552)
(2.40453 -0.00222228 -0.00332588)
(2.40453 -0.00282843 -0.00282843)
(2.40453 -0.00332588 -0.00222228)
(2.40453 -0.00369552 -0.00153073)
(2.40453 -0.00392314 -0.000780361)
(2.40453 -0.004 4.798759e-16)
(2.40453 -0.00392314 0.000780361)
(2.40453 -0.00369552 0.00153073)
(2.40453 -0.00332588 0.00222228)
(2.40453 -0.00282843 0.00282843)
(2.40453 -0.00222228 0.00332588)
(2.40453 -0.00153073 0.00369552)
(2.40453 -0.000780361 0.00392314)
(2.40453 -4.89859e-19 0.004)
(2.40453 0.000780361 0.00392314)
(2.40453 0.00153073 0.00369552)
(2.40453 0.00222228 0.00332588)
(2.40453 0.00282843 0.00282843)
(2.40453 0.00332588 0.00222228)
(2.40453 0.00369552 0.00153073)
(2.40453 0.00392314 0.000780361)
(2.40453 0.004 4.80855617e-16)
(2.40453 0.00392314 -0.000780361)
(2.40453 0.00369552 -0.00153073)
(2.40453 0.00332588 -0.00222228)
(2.40453 0.00282843 -0.00282843)
(2.40453 0.00222228 -0.00332588)
(2.40453 0.00153073 -0.00369552)
(2.40453 0.000780361 -0.00392314)
(2.44906 0 -0.004)
(2.44906 -0.000780361 -0.00392314)
(2.44906 -0.00153073 -0.00369552)
(2.44906 -0.00222228 -0.00332588)
(2.44906 -0.00282843 -0.00282843)
(2.44906 -0.00332588 -0.00222228)
(2.44906 -0.00369552 -0.00153073)
(2.44906 -0.00392314 -0.000780361)
(2.44906 -0.004 4.887673592e-16)
(2.44906 -0.00392314 0.000780361)
(2.44906 -0.00369552 0.00153073)
(2.44906 -0.00332588 0.00222228)
(2.44906 -0.00282843 0.00282843)
(2.44906 -0.00222228 0.00332588)
(2.44906 -0.00153073 0.00369552)
(2.44906 -0.000780361 0.00392314)
(2.44906 -4.89859e-19 0.004)
(2.44906 0.000780361 0.00392314)
(2.44906 0.00153073 0.00369552)
(2.44906 0.00222228 0.00332588)
(2.44906 0.00282843 0.00282843)
(2.44906 0.00332588 0.00222228)
(2.44906 0.00369552 0.00153073)
(2.44906 0.00392314 0.000780361)
(2.44906 0.004 4.897470762e-16)
(2.44906 0.00392314 -0.000780361)
(2.44906 0.00369552 -0.00153073)
(2.44906 0.00332588 -0.00222228)
(2.44906 0.00282843 -0.00282843)
(2.44906 0.00222228 -0.00332588)
(2.44906 0.00153073 -0.00369552)
(2.44906 0.000780361 -0.00392314)
(2.49359 0 -0.004)
(2.49359 -0.000780361 -0.00392314)
(2.49359 -0.00153073 -0.00369552)
(2.49359 -0.00222228 -0.00332588)
(2.49359 -0.00282843 -0.00282843)
(2.49359 -0.00332588 -0.00222228)
(2.49359 -0.00369552 -0.00153073)
(2.49359 -0.00392314 -0.000780361)
(2.49359 -0.004 4.976588185e-16)
(2.49359 -0.00392314 0.000780361)
(2.49359 -0.00369552 0.00153073)
(2.49359 -0.00332588 0.00222228)
(2.49359 -0.00282843 0.00282843)
(2.49359 -0.00222228 0.00332588)
(2.49359 -0.00153073 0.00369552)
(2.49359 -0.000780361 0.00392314)
(2.49359 -4.89859e-19 0.004)
(2.49359 0.000780361 0.00392314)
(2.49359 0.00153073 0.00369552)
(2.49359 0.00222228 0.00332588)
(2.49359 0.00282843 0.00282843)
(2.49359 0.00332588 0.00222228)
(2.49359 0.00369552 0.00153073)
(2.49359 0.00392314 0.000780361)
(2.49359 0.004 4.986385355e-16)
(2.49359 0.00392314 -0.000780361)
(2.49359 0.00369552 -0.00153073)
(2.49359 0.00332588 -0.00222228)
(2.49359 0.00282843 -0.00282843)
(2.49359 0.00222228 -0.00332588)
(2.49359 0.00153073 -0.00369552)
(2.49359 0.000780361 -0.00392314)
(2.53811 0 -0.004)
(2.53811 -0.000780361 -0.00392314)
(2.53811 -0.00153073 -0.00369552)
(2.53811 -0.00222228 -0.00332588)
(2.53811 -0.00282843 -0.00282843)
(2.53811 -0.00332588 -0.00222228)
(2.53811 -0.00369552 -0.00153073)
(2.53811 -0.00392314 -0.000780361)
(2.53811 -0.004 5.06548281e-16)
(2.53811 -0.00392314 0.000780361)
(2.53811 -0.00369552 0.00153073)
(2.53811 -0.00332588 0.00222228)
(2.53811 -0.00282843 0.00282843)
(2.53811 -0.00222228 0.00332588)
(2.53811 -0.00153073 0.00369552)
(2.53811 -0.000780361 0.00392314)
(2.53811 -4.89859e-19 0.004)
(2.53811 0.000780361 0.00392314)
(2.53811 0.00153073 0.00369552)
(2.53811 0.00222228 0.00332588)
(2.53811 0.00282843 0.00282843)
(2.53811 0.00332588 0.00222228)
(2.53811 0.00369552 0.00153073)
(2.53811 0.00392314 0.000780361)
(2.53811 0.004 5.07527998e-16)
(2.53811 0.00392314 -0.000780361)
(2.53811 0.00369552 -0.00153073)
(2.53811 0.00332588 -0.00222228)
(2.53811 0.00282843 -0.00282843)
(2.53811 0.00222228 -0.00332588)
(2.53811 0.00153073 -0.00369552)
(2.53811 0.000780361 -0.00392314)
(2.58264 0 -0.004)
(2.58264 -0.000780361 -0.00392314)
(2.58264 -0.00153073 -0.00369552)
(2.58264 -0.00222228 -0.00332588)
(2.58264 -0.00282843 -0.00282843)
(2.58264 -0.00332588 -0.00222228)
(2.58264 -0.00369552 -0.00153073)
(2.58264 -0.00392314 -0.000780361)
(2.58264 -0.004 5.154397403e-16)
(2.58264 -0.00392314 0.000780361)
(2.58264 -0.00369552 0.00153073)
(2.58264 -0.00332588 0.00222228)
(2.58264 -0.00282843 0.00282843)
(2.58264 -0.00222228 0.00332588)
(2.58264 -0.00153073 0.00369552)
(2.58264 -0.000780361 0.00392314)
(2.58264 -4.89859e-19 0.004)
(2.58264 0.000780361 0.00392314)
(2.58264 0.00153073 0.00369552)
(2.58264 0.00222228 0.00332588)
(2.58264 0.00282843 0.00282843)
(2.58264 0.00332588 0.00222228)
(2.58264 0.00369552 0.00153073)
(2.58264 0.00392314 0.000780361)
(2.58264 0.004 5.164194573e-16)
(2.58264 0.00392314 -0.000780361)
(2.58264 0.00369552 -0.00153073)
(2.58264 0.00332588 -0.00222228)
(2.58264 0.00282843 -0.00282843)
(2.58264 0.00222228 -0.00332588)
(2.58264 0.00153073 -0.00369552)
(2.58264 0.000780361 -0.00392314)
(2.62717 0 -0.004)
(2.62717 -0.000780361 -0.00392314)
(2.62717 -0.00153073 -0.00369552)
(2.62717 -0.00222228 -0.00332588)
(2.62717 -0.00282843 -0.00282843)
(2.62717 -0.00332588 -0.00222228)
(2.62717 -0.00369552 -0.00153073)
(2.62717 -0.00392314 -0.000780361)
(2.62717 -0.004 5.243311995e-16)
(2.62717 -0.00392314 0.000780361)
(2.62717 -0.00369552 0.00153073)
(2.62717 -0.00332588 0.00222228)
(2.62717 -0.00282843 0.00282843)
(2.62717 -0.00222228 0.00332588)
(2.62717 -0.00153073 0.00369552)
(2.62717 -0.000780361 0.00392314)
(2.62717 -4.89859e-19 0.004)
(2.62717 0.000780361 0.00392314)
(2.62717 0.00153073 0.00369552)
(2.62717 0.00222228 0.00332588)
(2.62717 0.00282843 0.00282843)
(2.62717 0.00332588 0.00222228)
(2.62717 0.00369552 0.00153073)
(2.62717 0.00392314 0.000780361)
(2.62717 0.004 5.253109165e-16)
(2.62717 0.00392314 -0.000780361)
(2.62717 0.00369552 -0.00153073)
(2.62717 0.00332588 -0.00222228)
(2.62717 0.00282843 -0.00282843)
(2.62717 0.00222228 -0.00332588)
(2.62717 0.00153073 -0.00369552)
(2.62717 0.000780361 -0.00392314)
(2.6717 0 -0.004)
(2.6717 -0.000780361 -0.00392314)
(2.6717 -0.00153073 -0.00369552)
(2.6717 -0.00222228 -0.00332588)
(2.6717 -0.00282843 -0.00282843)
(2.6717 -0.00332588 -0.00222228)
(2.6717 -0.00369552 -0.00153073)
(2.6717 -0.00392314 -0.000780361)
(2.6717 -0.004 5.332226588e-16)
(2.6717 -0.00392314 0.000780361)
(2.6717 -0.00369552 0.00153073)
(2.6717 -0.00332588 0.00222228)
(2.6717 -0.00282843 0.00282843)
(2.6717 -0.00222228 0.00332588)
(2.6717 -0.00153073 0.00369552)
(2.6717 -0.000780361 0.00392314)
(2.6717 -4.89859e-19 0.004)
(2.6717 0.000780361 0.00392314)
(2.6717 0.00153073 0.00369552)
(2.6717 0.00222228 0.00332588)
(2.6717 0.00282843 0.00282843)
(2.6717 0.00332588 0.00222228)
(2.6717 0.00369552 0.00153073)
(2.6717 0.00392314 0.000780361)
(2.6717 0.004 5.342023758e-16)
(2.6717 0.00392314 -0.000780361)
(2.6717 0.00369552 -0.00153073)
(2.6717 0.00332588 -0.00222228)
(2.6717 0.00282843 -0.00282843)
(2.6717 0.00222228 -0.00332588)
(2.6717 0.00153073 -0.00369552)
(2.6717 0.000780361 -0.00392314)
)


// ************************************************************************* //
