/*--------------------------------*- C++ -*----------------------------------*\
| =========                 |                                                 |
| \\      /  F ield         | OpenFOAM: The Open Source CFD Toolbox           |
|  \\    /   O peration     | Version:  2312                                  |
|   \\  /    A nd           | Website:  www.openfoam.com                      |
|    \\/     M anipulation  |                                                 |
\*---------------------------------------------------------------------------*/
FoamFile
{
    version     2.0;
    format      ascii;
    arch        "LSB;label=32;scalar=64";
    class       vectorField;
    location    "constant/polyMesh";
    object      points;
}
// * * * * * * * * * * * * * * * * * * * * * * * * * * * * * * * * * * * * * //


1952
(
(7.98693847e-19 0 -0.004)
(7.833469447e-19 -0.000780361 -0.00392314)
(7.378972714e-19 -0.00153073 -0.00369552)
(6.64089973e-19 -0.00222228 -0.00332588)
(5.647624094e-19 -0.00282843 -0.00282843)
(4.437303406e-19 -0.00332588 -0.00222228)
(3.056461581e-19 -0.00369552 -0.00153073)
(1.558173823e-19 -0.00392314 -0.000780361)
(4.890582131e-35 -0.004 -2.44929e-19)
(-1.558173823e-19 -0.00392314 0.000780361)
(-3.056461581e-19 -0.00369552 0.00153073)
(-4.437303406e-19 -0.00332588 0.00222228)
(-5.647624094e-19 -0.00282843 0.00282843)
(-6.64089973e-19 -0.00222228 0.00332588)
(-7.378972714e-19 -0.00153073 0.00369552)
(-7.833469447e-19 -0.000780361 0.00392314)
(-7.98693847e-19 -4.89859e-19 0.004)
(-7.833469447e-19 0.000780361 0.00392314)
(-7.378972714e-19 0.00153073 0.00369552)
(-6.64089973e-19 0.00222228 0.00332588)
(-5.647624094e-19 0.00282843 0.00282843)
(-4.437303406e-19 0.00332588 0.00222228)
(-3.056461581e-19 0.00369552 0.00153073)
(-1.558173823e-19 0.00392314 0.000780361)
(-1.467176636e-34 0.004 7.34788e-19)
(1.558173823e-19 0.00392314 -0.000780361)
(3.056461581e-19 0.00369552 -0.00153073)
(4.437303406e-19 0.00332588 -0.00222228)
(5.647624094e-19 0.00282843 -0.00282843)
(6.64089973e-19 0.00222228 -0.00332588)
(7.378972714e-19 0.00153073 -0.00369552)
(7.833469447e-19 0.000780361 -0.00392314)
(0.044385 0 -0.004)
(0.044385 -0.000780361 -0.00392314)
(0.044385 -0.00153073 -0.00369552)
(0.044385 -0.00222228 -0.00332588)
(0.044385 -0.00282843 -0.00282843)
(0.044385 -0.00332588 -0.00222228)
(0.044385 -0.00369552 -0.00153073)
(0.044385 -0.00392314 -0.000780361)
(0.044385 -0.004 8.6175776e-18)
(0.044385 -0.00392314 0.000780361)
(0.044385 -0.00369552 0.00153073)
(0.044385 -0.00332588 0.00222228)
(0.044385 -0.00282843 0.00282843)
(0.044385 -0.00222228 0.00332588)
(0.044385 -0.00153073 0.00369552)
(0.044385 -0.000780361 0.00392314)
(0.044385 -4.89859e-19 0.004)
(0.044385 0.000780361 0.00392314)
(0.044385 0.00153073 0.00369552)
(0.044385 0.00222228 0.00332588)
(0.044385 0.00282843 0.00282843)
(0.044385 0.00332588 0.00222228)
(0.044385 0.00369552 0.00153073)
(0.044385 0.00392314 0.000780361)
(0.044385 0.004 9.5972946e-18)
(0.044385 0.00392314 -0.000780361)
(0.044385 0.00369552 -0.00153073)
(0.044385 0.00332588 -0.00222228)
(0.044385 0.00282843 -0.00282843)
(0.044385 0.00222228 -0.00332588)
(0.044385 0.00153073 -0.00369552)
(0.044385 0.000780361 -0.00392314)
(0.08877 0 -0.004)
(0.08877 -0.000780361 -0.00392314)
(0.08877 -0.00153073 -0.00369552)
(0.08877 -0.00222228 -0.00332588)
(0.08877 -0.00282843 -0.00282843)
(0.08877 -0.00332588 -0.00222228)
(0.08877 -0.00369552 -0.00153073)
(0.08877 -0.00392314 -0.000780361)
(0.08877 -0.004 1.74800842e-17)
(0.08877 -0.00392314 0.000780361)
(0.08877 -0.00369552 0.00153073)
(0.08877 -0.00332588 0.00222228)
(0.08877 -0.00282843 0.00282843)
(0.08877 -0.00222228 0.00332588)
(0.08877 -0.00153073 0.00369552)
(0.08877 -0.000780361 0.00392314)
(0.08877 -4.89859e-19 0.004)
(0.08877 0.000780361 0.00392314)
(0.08877 0.00153073 0.00369552)
(0.08877 0.00222228 0.00332588)
(0.08877 0.00282843 0.00282843)
(0.08877 0.00332588 0.00222228)
(0.08877 0.00369552 0.00153073)
(0.08877 0.00392314 0.000780361)
(0.08877 0.004 1.84598012e-17)
(0.08877 0.00392314 -0.000780361)
(0.08877 0.00369552 -0.00153073)
(0.08877 0.00332588 -0.00222228)
(0.08877 0.00282843 -0.00282843)
(0.08877 0.00222228 -0.00332588)
(0.08877 0.00153073 -0.00369552)
(0.08877 0.000780361 -0.00392314)
(0.133155 0 -0.004)
(0.133155 -0.000780361 -0.00392314)
(0.133155 -0.00153073 -0.00369552)
(0.133155 -0.00222228 -0.00332588)
(0.133155 -0.00282843 -0.00282843)
(0.133155 -0.00332588 -0.00222228)
(0.133155 -0.00369552 -0.00153073)
(0.133155 -0.00392314 -0.000780361)
(0.133155 -0.004 2.63425908e-17)
(0.133155 -0.00392314 0.000780361)
(0.133155 -0.00369552 0.00153073)
(0.133155 -0.00332588 0.00222228)
(0.133155 -0.00282843 0.00282843)
(0.133155 -0.00222228 0.00332588)
(0.133155 -0.00153073 0.00369552)
(0.133155 -0.000780361 0.00392314)
(0.133155 -4.89859e-19 0.004)
(0.133155 0.000780361 0.00392314)
(0.133155 0.00153073 0.00369552)
(0.133155 0.00222228 0.00332588)
(0.133155 0.00282843 0.00282843)
(0.133155 0.00332588 0.00222228)
(0.133155 0.00369552 0.00153073)
(0.133155 0.00392314 0.000780361)
(0.133155 0.004 2.73223078e-17)
(0.133155 0.00392314 -0.000780361)
(0.133155 0.00369552 -0.00153073)
(0.133155 0.00332588 -0.00222228)
(0.133155 0.00282843 -0.00282843)
(0.133155 0.00222228 -0.00332588)
(0.133155 0.00153073 -0.00369552)
(0.133155 0.000780361 -0.00392314)
(0.17754 0 -0.004)
(0.17754 -0.000780361 -0.00392314)
(0.17754 -0.00153073 -0.00369552)
(0.17754 -0.00222228 -0.00332588)
(0.17754 -0.00282843 -0.00282843)
(0.17754 -0.00332588 -0.00222228)
(0.17754 -0.00369552 -0.00153073)
(0.17754 -0.00392314 -0.000780361)
(0.17754 -0.004 3.52050974e-17)
(0.17754 -0.00392314 0.000780361)
(0.17754 -0.00369552 0.00153073)
(0.17754 -0.00332588 0.00222228)
(0.17754 -0.00282843 0.00282843)
(0.17754 -0.00222228 0.00332588)
(0.17754 -0.00153073 0.00369552)
(0.17754 -0.000780361 0.00392314)
(0.17754 -4.89859e-19 0.004)
(0.17754 0.000780361 0.00392314)
(0.17754 0.00153073 0.00369552)
(0.17754 0.00222228 0.00332588)
(0.17754 0.00282843 0.00282843)
(0.17754 0.00332588 0.00222228)
(0.17754 0.00369552 0.00153073)
(0.17754 0.00392314 0.000780361)
(0.17754 0.004 3.61848144e-17)
(0.17754 0.00392314 -0.000780361)
(0.17754 0.00369552 -0.00153073)
(0.17754 0.00332588 -0.00222228)
(0.17754 0.00282843 -0.00282843)
(0.17754 0.00222228 -0.00332588)
(0.17754 0.00153073 -0.00369552)
(0.17754 0.000780361 -0.00392314)
(0.221925 0 -0.004)
(0.221925 -0.000780361 -0.00392314)
(0.221925 -0.00153073 -0.00369552)
(0.221925 -0.00222228 -0.00332588)
(0.221925 -0.00282843 -0.00282843)
(0.221925 -0.00332588 -0.00222228)
(0.221925 -0.00369552 -0.00153073)
(0.221925 -0.00392314 -0.000780361)
(0.221925 -0.004 4.4067604e-17)
(0.221925 -0.00392314 0.000780361)
(0.221925 -0.00369552 0.00153073)
(0.221925 -0.00332588 0.00222228)
(0.221925 -0.00282843 0.00282843)
(0.221925 -0.00222228 0.00332588)
(0.221925 -0.00153073 0.00369552)
(0.221925 -0.000780361 0.00392314)
(0.221925 -4.89859e-19 0.004)
(0.221925 0.000780361 0.00392314)
(0.221925 0.00153073 0.00369552)
(0.221925 0.00222228 0.00332588)
(0.221925 0.00282843 0.00282843)
(0.221925 0.00332588 0.00222228)
(0.221925 0.00369552 0.00153073)
(0.221925 0.00392314 0.000780361)
(0.221925 0.004 4.5047321e-17)
(0.221925 0.00392314 -0.000780361)
(0.221925 0.00369552 -0.00153073)
(0.221925 0.00332588 -0.00222228)
(0.221925 0.00282843 -0.00282843)
(0.221925 0.00222228 -0.00332588)
(0.221925 0.00153073 -0.00369552)
(0.221925 0.000780361 -0.00392314)
(0.26631 0 -0.004)
(0.26631 -0.000780361 -0.00392314)
(0.26631 -0.00153073 -0.00369552)
(0.26631 -0.00222228 -0.00332588)
(0.26631 -0.00282843 -0.00282843)
(0.26631 -0.00332588 -0.00222228)
(0.26631 -0.00369552 -0.00153073)
(0.26631 -0.00392314 -0.000780361)
(0.26631 -0.004 5.29301106e-17)
(0.26631 -0.00392314 0.000780361)
(0.26631 -0.00369552 0.00153073)
(0.26631 -0.00332588 0.00222228)
(0.26631 -0.00282843 0.00282843)
(0.26631 -0.00222228 0.00332588)
(0.26631 -0.00153073 0.00369552)
(0.26631 -0.000780361 0.00392314)
(0.26631 -4.89859e-19 0.004)
(0.26631 0.000780361 0.00392314)
(0.26631 0.00153073 0.00369552)
(0.26631 0.00222228 0.00332588)
(0.26631 0.00282843 0.00282843)
(0.26631 0.00332588 0.00222228)
(0.26631 0.00369552 0.00153073)
(0.26631 0.00392314 0.000780361)
(0.26631 0.004 5.39098276e-17)
(0.26631 0.00392314 -0.000780361)
(0.26631 0.00369552 -0.00153073)
(0.26631 0.00332588 -0.00222228)
(0.26631 0.00282843 -0.00282843)
(0.26631 0.00222228 -0.00332588)
(0.26631 0.00153073 -0.00369552)
(0.26631 0.000780361 -0.00392314)
(0.310695 0 -0.004)
(0.310695 -0.000780361 -0.00392314)
(0.310695 -0.00153073 -0.00369552)
(0.310695 -0.00222228 -0.00332588)
(0.310695 -0.00282843 -0.00282843)
(0.310695 -0.00332588 -0.00222228)
(0.310695 -0.00369552 -0.00153073)
(0.310695 -0.00392314 -0.000780361)
(0.310695 -0.004 6.17926172e-17)
(0.310695 -0.00392314 0.000780361)
(0.310695 -0.00369552 0.00153073)
(0.310695 -0.00332588 0.00222228)
(0.310695 -0.00282843 0.00282843)
(0.310695 -0.00222228 0.00332588)
(0.310695 -0.00153073 0.00369552)
(0.310695 -0.000780361 0.00392314)
(0.310695 -4.89859e-19 0.004)
(0.310695 0.000780361 0.00392314)
(0.310695 0.00153073 0.00369552)
(0.310695 0.00222228 0.00332588)
(0.310695 0.00282843 0.00282843)
(0.310695 0.00332588 0.00222228)
(0.310695 0.00369552 0.00153073)
(0.310695 0.00392314 0.000780361)
(0.310695 0.004 6.27723342e-17)
(0.310695 0.00392314 -0.000780361)
(0.310695 0.00369552 -0.00153073)
(0.310695 0.00332588 -0.00222228)
(0.310695 0.00282843 -0.00282843)
(0.310695 0.00222228 -0.00332588)
(0.310695 0.00153073 -0.00369552)
(0.310695 0.000780361 -0.00392314)
(0.35508 0 -0.004)
(0.35508 -0.000780361 -0.00392314)
(0.35508 -0.00153073 -0.00369552)
(0.35508 -0.00222228 -0.00332588)
(0.35508 -0.00282843 -0.00282843)
(0.35508 -0.00332588 -0.00222228)
(0.35508 -0.00369552 -0.00153073)
(0.35508 -0.00392314 -0.000780361)
(0.35508 -0.004 7.06551238e-17)
(0.35508 -0.00392314 0.000780361)
(0.35508 -0.00369552 0.00153073)
(0.35508 -0.00332588 0.00222228)
(0.35508 -0.00282843 0.00282843)
(0.35508 -0.00222228 0.00332588)
(0.35508 -0.00153073 0.00369552)
(0.35508 -0.000780361 0.00392314)
(0.35508 -4.89859e-19 0.004)
(0.35508 0.000780361 0.00392314)
(0.35508 0.00153073 0.00369552)
(0.35508 0.00222228 0.00332588)
(0.35508 0.00282843 0.00282843)
(0.35508 0.00332588 0.00222228)
(0.35508 0.00369552 0.00153073)
(0.35508 0.00392314 0.000780361)
(0.35508 0.004 7.16348408e-17)
(0.35508 0.00392314 -0.000780361)
(0.35508 0.00369552 -0.00153073)
(0.35508 0.00332588 -0.00222228)
(0.35508 0.00282843 -0.00282843)
(0.35508 0.00222228 -0.00332588)
(0.35508 0.00153073 -0.00369552)
(0.35508 0.000780361 -0.00392314)
(0.399465 0 -0.004)
(0.399465 -0.000780361 -0.00392314)
(0.399465 -0.00153073 -0.00369552)
(0.399465 -0.00222228 -0.00332588)
(0.399465 -0.00282843 -0.00282843)
(0.399465 -0.00332588 -0.00222228)
(0.399465 -0.00369552 -0.00153073)
(0.399465 -0.00392314 -0.000780361)
(0.399465 -0.004 7.95176304e-17)
(0.399465 -0.00392314 0.000780361)
(0.399465 -0.00369552 0.00153073)
(0.399465 -0.00332588 0.00222228)
(0.399465 -0.00282843 0.00282843)
(0.399465 -0.00222228 0.00332588)
(0.399465 -0.00153073 0.00369552)
(0.399465 -0.000780361 0.00392314)
(0.399465 -4.89859e-19 0.004)
(0.399465 0.000780361 0.00392314)
(0.399465 0.00153073 0.00369552)
(0.399465 0.00222228 0.00332588)
(0.399465 0.00282843 0.00282843)
(0.399465 0.00332588 0.00222228)
(0.399465 0.00369552 0.00153073)
(0.399465 0.00392314 0.000780361)
(0.399465 0.004 8.04973474e-17)
(0.399465 0.00392314 -0.000780361)
(0.399465 0.00369552 -0.00153073)
(0.399465 0.00332588 -0.00222228)
(0.399465 0.00282843 -0.00282843)
(0.399465 0.00222228 -0.00332588)
(0.399465 0.00153073 -0.00369552)
(0.399465 0.000780361 -0.00392314)
(0.44385 0 -0.004)
(0.44385 -0.000780361 -0.00392314)
(0.44385 -0.00153073 -0.00369552)
(0.44385 -0.00222228 -0.00332588)
(0.44385 -0.00282843 -0.00282843)
(0.44385 -0.00332588 -0.00222228)
(0.44385 -0.00369552 -0.00153073)
(0.44385 -0.00392314 -0.000780361)
(0.44385 -0.004 8.8380137e-17)
(0.44385 -0.00392314 0.000780361)
(0.44385 -0.00369552 0.00153073)
(0.44385 -0.00332588 0.00222228)
(0.44385 -0.00282843 0.00282843)
(0.44385 -0.00222228 0.00332588)
(0.44385 -0.00153073 0.00369552)
(0.44385 -0.000780361 0.00392314)
(0.44385 -4.89859e-19 0.004)
(0.44385 0.000780361 0.00392314)
(0.44385 0.00153073 0.00369552)
(0.44385 0.00222228 0.00332588)
(0.44385 0.00282843 0.00282843)
(0.44385 0.00332588 0.00222228)
(0.44385 0.00369552 0.00153073)
(0.44385 0.00392314 0.000780361)
(0.44385 0.004 8.9359854e-17)
(0.44385 0.00392314 -0.000780361)
(0.44385 0.00369552 -0.00153073)
(0.44385 0.00332588 -0.00222228)
(0.44385 0.00282843 -0.00282843)
(0.44385 0.00222228 -0.00332588)
(0.44385 0.00153073 -0.00369552)
(0.44385 0.000780361 -0.00392314)
(0.488235 0 -0.004)
(0.488235 -0.000780361 -0.00392314)
(0.488235 -0.00153073 -0.00369552)
(0.488235 -0.00222228 -0.00332588)
(0.488235 -0.00282843 -0.00282843)
(0.488235 -0.00332588 -0.00222228)
(0.488235 -0.00369552 -0.00153073)
(0.488235 -0.00392314 -0.000780361)
(0.488235 -0.004 9.72426436e-17)
(0.488235 -0.00392314 0.000780361)
(0.488235 -0.00369552 0.00153073)
(0.488235 -0.00332588 0.00222228)
(0.488235 -0.00282843 0.00282843)
(0.488235 -0.00222228 0.00332588)
(0.488235 -0.00153073 0.00369552)
(0.488235 -0.000780361 0.00392314)
(0.488235 -4.89859e-19 0.004)
(0.488235 0.000780361 0.00392314)
(0.488235 0.00153073 0.00369552)
(0.488235 0.00222228 0.00332588)
(0.488235 0.00282843 0.00282843)
(0.488235 0.00332588 0.00222228)
(0.488235 0.00369552 0.00153073)
(0.488235 0.00392314 0.000780361)
(0.488235 0.004 9.82223606e-17)
(0.488235 0.00392314 -0.000780361)
(0.488235 0.00369552 -0.00153073)
(0.488235 0.00332588 -0.00222228)
(0.488235 0.00282843 -0.00282843)
(0.488235 0.00222228 -0.00332588)
(0.488235 0.00153073 -0.00369552)
(0.488235 0.000780361 -0.00392314)
(0.53262 0 -0.004)
(0.53262 -0.000780361 -0.00392314)
(0.53262 -0.00153073 -0.00369552)
(0.53262 -0.00222228 -0.00332588)
(0.53262 -0.00282843 -0.00282843)
(0.53262 -0.00332588 -0.00222228)
(0.53262 -0.00369552 -0.00153073)
(0.53262 -0.00392314 -0.000780361)
(0.53262 -0.004 1.061051502e-16)
(0.53262 -0.00392314 0.000780361)
(0.53262 -0.00369552 0.00153073)
(0.53262 -0.00332588 0.00222228)
(0.53262 -0.00282843 0.00282843)
(0.53262 -0.00222228 0.00332588)
(0.53262 -0.00153073 0.00369552)
(0.53262 -0.000780361 0.00392314)
(0.53262 -4.89859e-19 0.004)
(0.53262 0.000780361 0.00392314)
(0.53262 0.00153073 0.00369552)
(0.53262 0.00222228 0.00332588)
(0.53262 0.00282843 0.00282843)
(0.53262 0.00332588 0.00222228)
(0.53262 0.00369552 0.00153073)
(0.53262 0.00392314 0.000780361)
(0.53262 0.004 1.070848672e-16)
(0.53262 0.00392314 -0.000780361)
(0.53262 0.00369552 -0.00153073)
(0.53262 0.00332588 -0.00222228)
(0.53262 0.00282843 -0.00282843)
(0.53262 0.00222228 -0.00332588)
(0.53262 0.00153073 -0.00369552)
(0.53262 0.000780361 -0.00392314)
(0.577005 0 -0.004)
(0.577005 -0.000780361 -0.00392314)
(0.577005 -0.00153073 -0.00369552)
(0.577005 -0.00222228 -0.00332588)
(0.577005 -0.00282843 -0.00282843)
(0.577005 -0.00332588 -0.00222228)
(0.577005 -0.00369552 -0.00153073)
(0.577005 -0.00392314 -0.000780361)
(0.577005 -0.004 1.149676568e-16)
(0.577005 -0.00392314 0.000780361)
(0.577005 -0.00369552 0.00153073)
(0.577005 -0.00332588 0.00222228)
(0.577005 -0.00282843 0.00282843)
(0.577005 -0.00222228 0.00332588)
(0.577005 -0.00153073 0.00369552)
(0.577005 -0.000780361 0.00392314)
(0.577005 -4.89859e-19 0.004)
(0.577005 0.000780361 0.00392314)
(0.577005 0.00153073 0.00369552)
(0.577005 0.00222228 0.00332588)
(0.577005 0.00282843 0.00282843)
(0.577005 0.00332588 0.00222228)
(0.577005 0.00369552 0.00153073)
(0.577005 0.00392314 0.000780361)
(0.577005 0.004 1.159473738e-16)
(0.577005 0.00392314 -0.000780361)
(0.577005 0.00369552 -0.00153073)
(0.577005 0.00332588 -0.00222228)
(0.577005 0.00282843 -0.00282843)
(0.577005 0.00222228 -0.00332588)
(0.577005 0.00153073 -0.00369552)
(0.577005 0.000780361 -0.00392314)
(0.62139 0 -0.004)
(0.62139 -0.000780361 -0.00392314)
(0.62139 -0.00153073 -0.00369552)
(0.62139 -0.00222228 -0.00332588)
(0.62139 -0.00282843 -0.00282843)
(0.62139 -0.00332588 -0.00222228)
(0.62139 -0.00369552 -0.00153073)
(0.62139 -0.00392314 -0.000780361)
(0.62139 -0.004 1.238301634e-16)
(0.62139 -0.00392314 0.000780361)
(0.62139 -0.00369552 0.00153073)
(0.62139 -0.00332588 0.00222228)
(0.62139 -0.00282843 0.00282843)
(0.62139 -0.00222228 0.00332588)
(0.62139 -0.00153073 0.00369552)
(0.62139 -0.000780361 0.00392314)
(0.62139 -4.89859e-19 0.004)
(0.62139 0.000780361 0.00392314)
(0.62139 0.00153073 0.00369552)
(0.62139 0.00222228 0.00332588)
(0.62139 0.00282843 0.00282843)
(0.62139 0.00332588 0.00222228)
(0.62139 0.00369552 0.00153073)
(0.62139 0.00392314 0.000780361)
(0.62139 0.004 1.248098804e-16)
(0.62139 0.00392314 -0.000780361)
(0.62139 0.00369552 -0.00153073)
(0.62139 0.00332588 -0.00222228)
(0.62139 0.00282843 -0.00282843)
(0.62139 0.00222228 -0.00332588)
(0.62139 0.00153073 -0.00369552)
(0.62139 0.000780361 -0.00392314)
(0.665775 0 -0.004)
(0.665775 -0.000780361 -0.00392314)
(0.665775 -0.00153073 -0.00369552)
(0.665775 -0.00222228 -0.00332588)
(0.665775 -0.00282843 -0.00282843)
(0.665775 -0.00332588 -0.00222228)
(0.665775 -0.00369552 -0.00153073)
(0.665775 -0.00392314 -0.000780361)
(0.665775 -0.004 1.3269267e-16)
(0.665775 -0.00392314 0.000780361)
(0.665775 -0.00369552 0.00153073)
(0.665775 -0.00332588 0.00222228)
(0.665775 -0.00282843 0.00282843)
(0.665775 -0.00222228 0.00332588)
(0.665775 -0.00153073 0.00369552)
(0.665775 -0.000780361 0.00392314)
(0.665775 -4.89859e-19 0.004)
(0.665775 0.000780361 0.00392314)
(0.665775 0.00153073 0.00369552)
(0.665775 0.00222228 0.00332588)
(0.665775 0.00282843 0.00282843)
(0.665775 0.00332588 0.00222228)
(0.665775 0.00369552 0.00153073)
(0.665775 0.00392314 0.000780361)
(0.665775 0.004 1.33672387e-16)
(0.665775 0.00392314 -0.000780361)
(0.665775 0.00369552 -0.00153073)
(0.665775 0.00332588 -0.00222228)
(0.665775 0.00282843 -0.00282843)
(0.665775 0.00222228 -0.00332588)
(0.665775 0.00153073 -0.00369552)
(0.665775 0.000780361 -0.00392314)
(0.71016 0 -0.004)
(0.71016 -0.000780361 -0.00392314)
(0.71016 -0.00153073 -0.00369552)
(0.71016 -0.00222228 -0.00332588)
(0.71016 -0.00282843 -0.00282843)
(0.71016 -0.00332588 -0.00222228)
(0.71016 -0.00369552 -0.00153073)
(0.71016 -0.00392314 -0.000780361)
(0.71016 -0.004 1.415551766e-16)
(0.71016 -0.00392314 0.000780361)
(0.71016 -0.00369552 0.00153073)
(0.71016 -0.00332588 0.00222228)
(0.71016 -0.00282843 0.00282843)
(0.71016 -0.00222228 0.00332588)
(0.71016 -0.00153073 0.00369552)
(0.71016 -0.000780361 0.00392314)
(0.71016 -4.89859e-19 0.004)
(0.71016 0.000780361 0.00392314)
(0.71016 0.00153073 0.00369552)
(0.71016 0.00222228 0.00332588)
(0.71016 0.00282843 0.00282843)
(0.71016 0.00332588 0.00222228)
(0.71016 0.00369552 0.00153073)
(0.71016 0.00392314 0.000780361)
(0.71016 0.004 1.425348936e-16)
(0.71016 0.00392314 -0.000780361)
(0.71016 0.00369552 -0.00153073)
(0.71016 0.00332588 -0.00222228)
(0.71016 0.00282843 -0.00282843)
(0.71016 0.00222228 -0.00332588)
(0.71016 0.00153073 -0.00369552)
(0.71016 0.000780361 -0.00392314)
(0.754545 0 -0.004)
(0.754545 -0.000780361 -0.00392314)
(0.754545 -0.00153073 -0.00369552)
(0.754545 -0.00222228 -0.00332588)
(0.754545 -0.00282843 -0.00282843)
(0.754545 -0.00332588 -0.00222228)
(0.754545 -0.00369552 -0.00153073)
(0.754545 -0.00392314 -0.000780361)
(0.754545 -0.004 1.504176832e-16)
(0.754545 -0.00392314 0.000780361)
(0.754545 -0.00369552 0.00153073)
(0.754545 -0.00332588 0.00222228)
(0.754545 -0.00282843 0.00282843)
(0.754545 -0.00222228 0.00332588)
(0.754545 -0.00153073 0.00369552)
(0.754545 -0.000780361 0.00392314)
(0.754545 -4.89859e-19 0.004)
(0.754545 0.000780361 0.00392314)
(0.754545 0.00153073 0.00369552)
(0.754545 0.00222228 0.00332588)
(0.754545 0.00282843 0.00282843)
(0.754545 0.00332588 0.00222228)
(0.754545 0.00369552 0.00153073)
(0.754545 0.00392314 0.000780361)
(0.754545 0.004 1.513974002e-16)
(0.754545 0.00392314 -0.000780361)
(0.754545 0.00369552 -0.00153073)
(0.754545 0.00332588 -0.00222228)
(0.754545 0.00282843 -0.00282843)
(0.754545 0.00222228 -0.00332588)
(0.754545 0.00153073 -0.00369552)
(0.754545 0.000780361 -0.00392314)
(0.79893 0 -0.004)
(0.79893 -0.000780361 -0.00392314)
(0.79893 -0.00153073 -0.00369552)
(0.79893 -0.00222228 -0.00332588)
(0.79893 -0.00282843 -0.00282843)
(0.79893 -0.00332588 -0.00222228)
(0.79893 -0.00369552 -0.00153073)
(0.79893 -0.00392314 -0.000780361)
(0.79893 -0.004 1.592801898e-16)
(0.79893 -0.00392314 0.000780361)
(0.79893 -0.00369552 0.00153073)
(0.79893 -0.00332588 0.00222228)
(0.79893 -0.00282843 0.00282843)
(0.79893 -0.00222228 0.00332588)
(0.79893 -0.00153073 0.00369552)
(0.79893 -0.000780361 0.00392314)
(0.79893 -4.89859e-19 0.004)
(0.79893 0.000780361 0.00392314)
(0.79893 0.00153073 0.00369552)
(0.79893 0.00222228 0.00332588)
(0.79893 0.00282843 0.00282843)
(0.79893 0.00332588 0.00222228)
(0.79893 0.00369552 0.00153073)
(0.79893 0.00392314 0.000780361)
(0.79893 0.004 1.602599068e-16)
(0.79893 0.00392314 -0.000780361)
(0.79893 0.00369552 -0.00153073)
(0.79893 0.00332588 -0.00222228)
(0.79893 0.00282843 -0.00282843)
(0.79893 0.00222228 -0.00332588)
(0.79893 0.00153073 -0.00369552)
(0.79893 0.000780361 -0.00392314)
(0.843315 0 -0.004)
(0.843315 -0.000780361 -0.00392314)
(0.843315 -0.00153073 -0.00369552)
(0.843315 -0.00222228 -0.00332588)
(0.843315 -0.00282843 -0.00282843)
(0.843315 -0.00332588 -0.00222228)
(0.843315 -0.00369552 -0.00153073)
(0.843315 -0.00392314 -0.000780361)
(0.843315 -0.004 1.681426964e-16)
(0.843315 -0.00392314 0.000780361)
(0.843315 -0.00369552 0.00153073)
(0.843315 -0.00332588 0.00222228)
(0.843315 -0.00282843 0.00282843)
(0.843315 -0.00222228 0.00332588)
(0.843315 -0.00153073 0.00369552)
(0.843315 -0.000780361 0.00392314)
(0.843315 -4.89859e-19 0.004)
(0.843315 0.000780361 0.00392314)
(0.843315 0.00153073 0.00369552)
(0.843315 0.00222228 0.00332588)
(0.843315 0.00282843 0.00282843)
(0.843315 0.00332588 0.00222228)
(0.843315 0.00369552 0.00153073)
(0.843315 0.00392314 0.000780361)
(0.843315 0.004 1.691224134e-16)
(0.843315 0.00392314 -0.000780361)
(0.843315 0.00369552 -0.00153073)
(0.843315 0.00332588 -0.00222228)
(0.843315 0.00282843 -0.00282843)
(0.843315 0.00222228 -0.00332588)
(0.843315 0.00153073 -0.00369552)
(0.843315 0.000780361 -0.00392314)
(0.8877 0 -0.004)
(0.8877 -0.000780361 -0.00392314)
(0.8877 -0.00153073 -0.00369552)
(0.8877 -0.00222228 -0.00332588)
(0.8877 -0.00282843 -0.00282843)
(0.8877 -0.00332588 -0.00222228)
(0.8877 -0.00369552 -0.00153073)
(0.8877 -0.00392314 -0.000780361)
(0.8877 -0.004 1.77005203e-16)
(0.8877 -0.00392314 0.000780361)
(0.8877 -0.00369552 0.00153073)
(0.8877 -0.00332588 0.00222228)
(0.8877 -0.00282843 0.00282843)
(0.8877 -0.00222228 0.00332588)
(0.8877 -0.00153073 0.00369552)
(0.8877 -0.000780361 0.00392314)
(0.8877 -4.89859e-19 0.004)
(0.8877 0.000780361 0.00392314)
(0.8877 0.00153073 0.00369552)
(0.8877 0.00222228 0.00332588)
(0.8877 0.00282843 0.00282843)
(0.8877 0.00332588 0.00222228)
(0.8877 0.00369552 0.00153073)
(0.8877 0.00392314 0.000780361)
(0.8877 0.004 1.7798492e-16)
(0.8877 0.00392314 -0.000780361)
(0.8877 0.00369552 -0.00153073)
(0.8877 0.00332588 -0.00222228)
(0.8877 0.00282843 -0.00282843)
(0.8877 0.00222228 -0.00332588)
(0.8877 0.00153073 -0.00369552)
(0.8877 0.000780361 -0.00392314)
(0.932085 0 -0.004)
(0.932085 -0.000780361 -0.00392314)
(0.932085 -0.00153073 -0.00369552)
(0.932085 -0.00222228 -0.00332588)
(0.932085 -0.00282843 -0.00282843)
(0.932085 -0.00332588 -0.00222228)
(0.932085 -0.00369552 -0.00153073)
(0.932085 -0.00392314 -0.000780361)
(0.932085 -0.004 1.858677096e-16)
(0.932085 -0.00392314 0.000780361)
(0.932085 -0.00369552 0.00153073)
(0.932085 -0.00332588 0.00222228)
(0.932085 -0.00282843 0.00282843)
(0.932085 -0.00222228 0.00332588)
(0.932085 -0.00153073 0.00369552)
(0.932085 -0.000780361 0.00392314)
(0.932085 -4.89859e-19 0.004)
(0.932085 0.000780361 0.00392314)
(0.932085 0.00153073 0.00369552)
(0.932085 0.00222228 0.00332588)
(0.932085 0.00282843 0.00282843)
(0.932085 0.00332588 0.00222228)
(0.932085 0.00369552 0.00153073)
(0.932085 0.00392314 0.000780361)
(0.932085 0.004 1.868474266e-16)
(0.932085 0.00392314 -0.000780361)
(0.932085 0.00369552 -0.00153073)
(0.932085 0.00332588 -0.00222228)
(0.932085 0.00282843 -0.00282843)
(0.932085 0.00222228 -0.00332588)
(0.932085 0.00153073 -0.00369552)
(0.932085 0.000780361 -0.00392314)
(0.97647 0 -0.004)
(0.97647 -0.000780361 -0.00392314)
(0.97647 -0.00153073 -0.00369552)
(0.97647 -0.00222228 -0.00332588)
(0.97647 -0.00282843 -0.00282843)
(0.97647 -0.00332588 -0.00222228)
(0.97647 -0.00369552 -0.00153073)
(0.97647 -0.00392314 -0.000780361)
(0.97647 -0.004 1.947302162e-16)
(0.97647 -0.00392314 0.000780361)
(0.97647 -0.00369552 0.00153073)
(0.97647 -0.00332588 0.00222228)
(0.97647 -0.00282843 0.00282843)
(0.97647 -0.00222228 0.00332588)
(0.97647 -0.00153073 0.00369552)
(0.97647 -0.000780361 0.00392314)
(0.97647 -4.89859e-19 0.004)
(0.97647 0.000780361 0.00392314)
(0.97647 0.00153073 0.00369552)
(0.97647 0.00222228 0.00332588)
(0.97647 0.00282843 0.00282843)
(0.97647 0.00332588 0.00222228)
(0.97647 0.00369552 0.00153073)
(0.97647 0.00392314 0.000780361)
(0.97647 0.004 1.957099332e-16)
(0.97647 0.00392314 -0.000780361)
(0.97647 0.00369552 -0.00153073)
(0.97647 0.00332588 -0.00222228)
(0.97647 0.00282843 -0.00282843)
(0.97647 0.00222228 -0.00332588)
(0.97647 0.00153073 -0.00369552)
(0.97647 0.000780361 -0.00392314)
(1.02086 0 -0.004)
(1.02086 -0.000780361 -0.00392314)
(1.02086 -0.00153073 -0.00369552)
(1.02086 -0.00222228 -0.00332588)
(1.02086 -0.00282843 -0.00282843)
(1.02086 -0.00332588 -0.00222228)
(1.02086 -0.00369552 -0.00153073)
(1.02086 -0.00392314 -0.000780361)
(1.02086 -0.004 2.035937212e-16)
(1.02086 -0.00392314 0.000780361)
(1.02086 -0.00369552 0.00153073)
(1.02086 -0.00332588 0.00222228)
(1.02086 -0.00282843 0.00282843)
(1.02086 -0.00222228 0.00332588)
(1.02086 -0.00153073 0.00369552)
(1.02086 -0.000780361 0.00392314)
(1.02086 -4.89859e-19 0.004)
(1.02086 0.000780361 0.00392314)
(1.02086 0.00153073 0.00369552)
(1.02086 0.00222228 0.00332588)
(1.02086 0.00282843 0.00282843)
(1.02086 0.00332588 0.00222228)
(1.02086 0.00369552 0.00153073)
(1.02086 0.00392314 0.000780361)
(1.02086 0.004 2.045734382e-16)
(1.02086 0.00392314 -0.000780361)
(1.02086 0.00369552 -0.00153073)
(1.02086 0.00332588 -0.00222228)
(1.02086 0.00282843 -0.00282843)
(1.02086 0.00222228 -0.00332588)
(1.02086 0.00153073 -0.00369552)
(1.02086 0.000780361 -0.00392314)
(1.06524 0 -0.004)
(1.06524 -0.000780361 -0.00392314)
(1.06524 -0.00153073 -0.00369552)
(1.06524 -0.00222228 -0.00332588)
(1.06524 -0.00282843 -0.00282843)
(1.06524 -0.00332588 -0.00222228)
(1.06524 -0.00369552 -0.00153073)
(1.06524 -0.00392314 -0.000780361)
(1.06524 -0.004 2.124552294e-16)
(1.06524 -0.00392314 0.000780361)
(1.06524 -0.00369552 0.00153073)
(1.06524 -0.00332588 0.00222228)
(1.06524 -0.00282843 0.00282843)
(1.06524 -0.00222228 0.00332588)
(1.06524 -0.00153073 0.00369552)
(1.06524 -0.000780361 0.00392314)
(1.06524 -4.89859e-19 0.004)
(1.06524 0.000780361 0.00392314)
(1.06524 0.00153073 0.00369552)
(1.06524 0.00222228 0.00332588)
(1.06524 0.00282843 0.00282843)
(1.06524 0.00332588 0.00222228)
(1.06524 0.00369552 0.00153073)
(1.06524 0.00392314 0.000780361)
(1.06524 0.004 2.134349464e-16)
(1.06524 0.00392314 -0.000780361)
(1.06524 0.00369552 -0.00153073)
(1.06524 0.00332588 -0.00222228)
(1.06524 0.00282843 -0.00282843)
(1.06524 0.00222228 -0.00332588)
(1.06524 0.00153073 -0.00369552)
(1.06524 0.000780361 -0.00392314)
(1.10963 0 -0.004)
(1.10963 -0.000780361 -0.00392314)
(1.10963 -0.00153073 -0.00369552)
(1.10963 -0.00222228 -0.00332588)
(1.10963 -0.00282843 -0.00282843)
(1.10963 -0.00332588 -0.00222228)
(1.10963 -0.00369552 -0.00153073)
(1.10963 -0.00392314 -0.000780361)
(1.10963 -0.004 2.213187344e-16)
(1.10963 -0.00392314 0.000780361)
(1.10963 -0.00369552 0.00153073)
(1.10963 -0.00332588 0.00222228)
(1.10963 -0.00282843 0.00282843)
(1.10963 -0.00222228 0.00332588)
(1.10963 -0.00153073 0.00369552)
(1.10963 -0.000780361 0.00392314)
(1.10963 -4.89859e-19 0.004)
(1.10963 0.000780361 0.00392314)
(1.10963 0.00153073 0.00369552)
(1.10963 0.00222228 0.00332588)
(1.10963 0.00282843 0.00282843)
(1.10963 0.00332588 0.00222228)
(1.10963 0.00369552 0.00153073)
(1.10963 0.00392314 0.000780361)
(1.10963 0.004 2.222984514e-16)
(1.10963 0.00392314 -0.000780361)
(1.10963 0.00369552 -0.00153073)
(1.10963 0.00332588 -0.00222228)
(1.10963 0.00282843 -0.00282843)
(1.10963 0.00222228 -0.00332588)
(1.10963 0.00153073 -0.00369552)
(1.10963 0.000780361 -0.00392314)
(1.15401 0 -0.004)
(1.15401 -0.000780361 -0.00392314)
(1.15401 -0.00153073 -0.00369552)
(1.15401 -0.00222228 -0.00332588)
(1.15401 -0.00282843 -0.00282843)
(1.15401 -0.00332588 -0.00222228)
(1.15401 -0.00369552 -0.00153073)
(1.15401 -0.00392314 -0.000780361)
(1.15401 -0.004 2.301802426e-16)
(1.15401 -0.00392314 0.000780361)
(1.15401 -0.00369552 0.00153073)
(1.15401 -0.00332588 0.00222228)
(1.15401 -0.00282843 0.00282843)
(1.15401 -0.00222228 0.00332588)
(1.15401 -0.00153073 0.00369552)
(1.15401 -0.000780361 0.00392314)
(1.15401 -4.89859e-19 0.004)
(1.15401 0.000780361 0.00392314)
(1.15401 0.00153073 0.00369552)
(1.15401 0.00222228 0.00332588)
(1.15401 0.00282843 0.00282843)
(1.15401 0.00332588 0.00222228)
(1.15401 0.00369552 0.00153073)
(1.15401 0.00392314 0.000780361)
(1.15401 0.004 2.311599596e-16)
(1.15401 0.00392314 -0.000780361)
(1.15401 0.00369552 -0.00153073)
(1.15401 0.00332588 -0.00222228)
(1.15401 0.00282843 -0.00282843)
(1.15401 0.00222228 -0.00332588)
(1.15401 0.00153073 -0.00369552)
(1.15401 0.000780361 -0.00392314)
(1.1984 0 -0.004)
(1.1984 -0.000780361 -0.00392314)
(1.1984 -0.00153073 -0.00369552)
(1.1984 -0.00222228 -0.00332588)
(1.1984 -0.00282843 -0.00282843)
(1.1984 -0.00332588 -0.00222228)
(1.1984 -0.00369552 -0.00153073)
(1.1984 -0.00392314 -0.000780361)
(1.1984 -0.004 2.390437476e-16)
(1.1984 -0.00392314 0.000780361)
(1.1984 -0.00369552 0.00153073)
(1.1984 -0.00332588 0.00222228)
(1.1984 -0.00282843 0.00282843)
(1.1984 -0.00222228 0.00332588)
(1.1984 -0.00153073 0.00369552)
(1.1984 -0.000780361 0.00392314)
(1.1984 -4.89859e-19 0.004)
(1.1984 0.000780361 0.00392314)
(1.1984 0.00153073 0.00369552)
(1.1984 0.00222228 0.00332588)
(1.1984 0.00282843 0.00282843)
(1.1984 0.00332588 0.00222228)
(1.1984 0.00369552 0.00153073)
(1.1984 0.00392314 0.000780361)
(1.1984 0.004 2.400234646e-16)
(1.1984 0.00392314 -0.000780361)
(1.1984 0.00369552 -0.00153073)
(1.1984 0.00332588 -0.00222228)
(1.1984 0.00282843 -0.00282843)
(1.1984 0.00222228 -0.00332588)
(1.1984 0.00153073 -0.00369552)
(1.1984 0.000780361 -0.00392314)
(1.24278 0 -0.004)
(1.24278 -0.000780361 -0.00392314)
(1.24278 -0.00153073 -0.00369552)
(1.24278 -0.00222228 -0.00332588)
(1.24278 -0.00282843 -0.00282843)
(1.24278 -0.00332588 -0.00222228)
(1.24278 -0.00369552 -0.00153073)
(1.24278 -0.00392314 -0.000780361)
(1.24278 -0.004 2.479052558e-16)
(1.24278 -0.00392314 0.000780361)
(1.24278 -0.00369552 0.00153073)
(1.24278 -0.00332588 0.00222228)
(1.24278 -0.00282843 0.00282843)
(1.24278 -0.00222228 0.00332588)
(1.24278 -0.00153073 0.00369552)
(1.24278 -0.000780361 0.00392314)
(1.24278 -4.89859e-19 0.004)
(1.24278 0.000780361 0.00392314)
(1.24278 0.00153073 0.00369552)
(1.24278 0.00222228 0.00332588)
(1.24278 0.00282843 0.00282843)
(1.24278 0.00332588 0.00222228)
(1.24278 0.00369552 0.00153073)
(1.24278 0.00392314 0.000780361)
(1.24278 0.004 2.488849728e-16)
(1.24278 0.00392314 -0.000780361)
(1.24278 0.00369552 -0.00153073)
(1.24278 0.00332588 -0.00222228)
(1.24278 0.00282843 -0.00282843)
(1.24278 0.00222228 -0.00332588)
(1.24278 0.00153073 -0.00369552)
(1.24278 0.000780361 -0.00392314)
(1.28717 0 -0.004)
(1.28717 -0.000780361 -0.00392314)
(1.28717 -0.00153073 -0.00369552)
(1.28717 -0.00222228 -0.00332588)
(1.28717 -0.00282843 -0.00282843)
(1.28717 -0.00332588 -0.00222228)
(1.28717 -0.00369552 -0.00153073)
(1.28717 -0.00392314 -0.000780361)
(1.28717 -0.004 2.567687608e-16)
(1.28717 -0.00392314 0.000780361)
(1.28717 -0.00369552 0.00153073)
(1.28717 -0.00332588 0.00222228)
(1.28717 -0.00282843 0.00282843)
(1.28717 -0.00222228 0.00332588)
(1.28717 -0.00153073 0.00369552)
(1.28717 -0.000780361 0.00392314)
(1.28717 -4.89859e-19 0.004)
(1.28717 0.000780361 0.00392314)
(1.28717 0.00153073 0.00369552)
(1.28717 0.00222228 0.00332588)
(1.28717 0.00282843 0.00282843)
(1.28717 0.00332588 0.00222228)
(1.28717 0.00369552 0.00153073)
(1.28717 0.00392314 0.000780361)
(1.28717 0.004 2.577484778e-16)
(1.28717 0.00392314 -0.000780361)
(1.28717 0.00369552 -0.00153073)
(1.28717 0.00332588 -0.00222228)
(1.28717 0.00282843 -0.00282843)
(1.28717 0.00222228 -0.00332588)
(1.28717 0.00153073 -0.00369552)
(1.28717 0.000780361 -0.00392314)
(1.33155 0 -0.004)
(1.33155 -0.000780361 -0.00392314)
(1.33155 -0.00153073 -0.00369552)
(1.33155 -0.00222228 -0.00332588)
(1.33155 -0.00282843 -0.00282843)
(1.33155 -0.00332588 -0.00222228)
(1.33155 -0.00369552 -0.00153073)
(1.33155 -0.00392314 -0.000780361)
(1.33155 -0.004 2.65630269e-16)
(1.33155 -0.00392314 0.000780361)
(1.33155 -0.00369552 0.00153073)
(1.33155 -0.00332588 0.00222228)
(1.33155 -0.00282843 0.00282843)
(1.33155 -0.00222228 0.00332588)
(1.33155 -0.00153073 0.00369552)
(1.33155 -0.000780361 0.00392314)
(1.33155 -4.89859e-19 0.004)
(1.33155 0.000780361 0.00392314)
(1.33155 0.00153073 0.00369552)
(1.33155 0.00222228 0.00332588)
(1.33155 0.00282843 0.00282843)
(1.33155 0.00332588 0.00222228)
(1.33155 0.00369552 0.00153073)
(1.33155 0.00392314 0.000780361)
(1.33155 0.004 2.66609986e-16)
(1.33155 0.00392314 -0.000780361)
(1.33155 0.00369552 -0.00153073)
(1.33155 0.00332588 -0.00222228)
(1.33155 0.00282843 -0.00282843)
(1.33155 0.00222228 -0.00332588)
(1.33155 0.00153073 -0.00369552)
(1.33155 0.000780361 -0.00392314)
(1.37594 0 -0.004)
(1.37594 -0.000780361 -0.00392314)
(1.37594 -0.00153073 -0.00369552)
(1.37594 -0.00222228 -0.00332588)
(1.37594 -0.00282843 -0.00282843)
(1.37594 -0.00332588 -0.00222228)
(1.37594 -0.00369552 -0.00153073)
(1.37594 -0.00392314 -0.000780361)
(1.37594 -0.004 2.74493774e-16)
(1.37594 -0.00392314 0.000780361)
(1.37594 -0.00369552 0.00153073)
(1.37594 -0.00332588 0.00222228)
(1.37594 -0.00282843 0.00282843)
(1.37594 -0.00222228 0.00332588)
(1.37594 -0.00153073 0.00369552)
(1.37594 -0.000780361 0.00392314)
(1.37594 -4.89859e-19 0.004)
(1.37594 0.000780361 0.00392314)
(1.37594 0.00153073 0.00369552)
(1.37594 0.00222228 0.00332588)
(1.37594 0.00282843 0.00282843)
(1.37594 0.00332588 0.00222228)
(1.37594 0.00369552 0.00153073)
(1.37594 0.00392314 0.000780361)
(1.37594 0.004 2.75473491e-16)
(1.37594 0.00392314 -0.000780361)
(1.37594 0.00369552 -0.00153073)
(1.37594 0.00332588 -0.00222228)
(1.37594 0.00282843 -0.00282843)
(1.37594 0.00222228 -0.00332588)
(1.37594 0.00153073 -0.00369552)
(1.37594 0.000780361 -0.00392314)
(1.42032 0 -0.004)
(1.42032 -0.000780361 -0.00392314)
(1.42032 -0.00153073 -0.00369552)
(1.42032 -0.00222228 -0.00332588)
(1.42032 -0.00282843 -0.00282843)
(1.42032 -0.00332588 -0.00222228)
(1.42032 -0.00369552 -0.00153073)
(1.42032 -0.00392314 -0.000780361)
(1.42032 -0.004 2.833552822e-16)
(1.42032 -0.00392314 0.000780361)
(1.42032 -0.00369552 0.00153073)
(1.42032 -0.00332588 0.00222228)
(1.42032 -0.00282843 0.00282843)
(1.42032 -0.00222228 0.00332588)
(1.42032 -0.00153073 0.00369552)
(1.42032 -0.000780361 0.00392314)
(1.42032 -4.89859e-19 0.004)
(1.42032 0.000780361 0.00392314)
(1.42032 0.00153073 0.00369552)
(1.42032 0.00222228 0.00332588)
(1.42032 0.00282843 0.00282843)
(1.42032 0.00332588 0.00222228)
(1.42032 0.00369552 0.00153073)
(1.42032 0.00392314 0.000780361)
(1.42032 0.004 2.843349992e-16)
(1.42032 0.00392314 -0.000780361)
(1.42032 0.00369552 -0.00153073)
(1.42032 0.00332588 -0.00222228)
(1.42032 0.00282843 -0.00282843)
(1.42032 0.00222228 -0.00332588)
(1.42032 0.00153073 -0.00369552)
(1.42032 0.000780361 -0.00392314)
(1.4647 0 -0.004)
(1.4647 -0.000780361 -0.00392314)
(1.4647 -0.00153073 -0.00369552)
(1.4647 -0.00222228 -0.00332588)
(1.4647 -0.00282843 -0.00282843)
(1.4647 -0.00332588 -0.00222228)
(1.4647 -0.00369552 -0.00153073)
(1.4647 -0.00392314 -0.000780361)
(1.4647 -0.004 2.922167904e-16)
(1.4647 -0.00392314 0.000780361)
(1.4647 -0.00369552 0.00153073)
(1.4647 -0.00332588 0.00222228)
(1.4647 -0.00282843 0.00282843)
(1.4647 -0.00222228 0.00332588)
(1.4647 -0.00153073 0.00369552)
(1.4647 -0.000780361 0.00392314)
(1.4647 -4.89859e-19 0.004)
(1.4647 0.000780361 0.00392314)
(1.4647 0.00153073 0.00369552)
(1.4647 0.00222228 0.00332588)
(1.4647 0.00282843 0.00282843)
(1.4647 0.00332588 0.00222228)
(1.4647 0.00369552 0.00153073)
(1.4647 0.00392314 0.000780361)
(1.4647 0.004 2.931965074e-16)
(1.4647 0.00392314 -0.000780361)
(1.4647 0.00369552 -0.00153073)
(1.4647 0.00332588 -0.00222228)
(1.4647 0.00282843 -0.00282843)
(1.4647 0.00222228 -0.00332588)
(1.4647 0.00153073 -0.00369552)
(1.4647 0.000780361 -0.00392314)
(1.50909 0 -0.004)
(1.50909 -0.000780361 -0.00392314)
(1.50909 -0.00153073 -0.00369552)
(1.50909 -0.00222228 -0.00332588)
(1.50909 -0.00282843 -0.00282843)
(1.50909 -0.00332588 -0.00222228)
(1.50909 -0.00369552 -0.00153073)
(1.50909 -0.00392314 -0.000780361)
(1.50909 -0.004 3.010802954e-16)
(1.50909 -0.00392314 0.000780361)
(1.50909 -0.00369552 0.00153073)
(1.50909 -0.00332588 0.00222228)
(1.50909 -0.00282843 0.00282843)
(1.50909 -0.00222228 0.00332588)
(1.50909 -0.00153073 0.00369552)
(1.50909 -0.000780361 0.00392314)
(1.50909 -4.89859e-19 0.004)
(1.50909 0.000780361 0.00392314)
(1.50909 0.00153073 0.00369552)
(1.50909 0.00222228 0.00332588)
(1.50909 0.00282843 0.00282843)
(1.50909 0.00332588 0.00222228)
(1.50909 0.00369552 0.00153073)
(1.50909 0.00392314 0.000780361)
(1.50909 0.004 3.020600124e-16)
(1.50909 0.00392314 -0.000780361)
(1.50909 0.00369552 -0.00153073)
(1.50909 0.00332588 -0.00222228)
(1.50909 0.00282843 -0.00282843)
(1.50909 0.00222228 -0.00332588)
(1.50909 0.00153073 -0.00369552)
(1.50909 0.000780361 -0.00392314)
(1.55347 0 -0.004)
(1.55347 -0.000780361 -0.00392314)
(1.55347 -0.00153073 -0.00369552)
(1.55347 -0.00222228 -0.00332588)
(1.55347 -0.00282843 -0.00282843)
(1.55347 -0.00332588 -0.00222228)
(1.55347 -0.00369552 -0.00153073)
(1.55347 -0.00392314 -0.000780361)
(1.55347 -0.004 3.099418036e-16)
(1.55347 -0.00392314 0.000780361)
(1.55347 -0.00369552 0.00153073)
(1.55347 -0.00332588 0.00222228)
(1.55347 -0.00282843 0.00282843)
(1.55347 -0.00222228 0.00332588)
(1.55347 -0.00153073 0.00369552)
(1.55347 -0.000780361 0.00392314)
(1.55347 -4.89859e-19 0.004)
(1.55347 0.000780361 0.00392314)
(1.55347 0.00153073 0.00369552)
(1.55347 0.00222228 0.00332588)
(1.55347 0.00282843 0.00282843)
(1.55347 0.00332588 0.00222228)
(1.55347 0.00369552 0.00153073)
(1.55347 0.00392314 0.000780361)
(1.55347 0.004 3.109215206e-16)
(1.55347 0.00392314 -0.000780361)
(1.55347 0.00369552 -0.00153073)
(1.55347 0.00332588 -0.00222228)
(1.55347 0.00282843 -0.00282843)
(1.55347 0.00222228 -0.00332588)
(1.55347 0.00153073 -0.00369552)
(1.55347 0.000780361 -0.00392314)
(1.59786 0 -0.004)
(1.59786 -0.000780361 -0.00392314)
(1.59786 -0.00153073 -0.00369552)
(1.59786 -0.00222228 -0.00332588)
(1.59786 -0.00282843 -0.00282843)
(1.59786 -0.00332588 -0.00222228)
(1.59786 -0.00369552 -0.00153073)
(1.59786 -0.00392314 -0.000780361)
(1.59786 -0.004 3.188053086e-16)
(1.59786 -0.00392314 0.000780361)
(1.59786 -0.00369552 0.00153073)
(1.59786 -0.00332588 0.00222228)
(1.59786 -0.00282843 0.00282843)
(1.59786 -0.00222228 0.00332588)
(1.59786 -0.00153073 0.00369552)
(1.59786 -0.000780361 0.00392314)
(1.59786 -4.89859e-19 0.004)
(1.59786 0.000780361 0.00392314)
(1.59786 0.00153073 0.00369552)
(1.59786 0.00222228 0.00332588)
(1.59786 0.00282843 0.00282843)
(1.59786 0.00332588 0.00222228)
(1.59786 0.00369552 0.00153073)
(1.59786 0.00392314 0.000780361)
(1.59786 0.004 3.197850256e-16)
(1.59786 0.00392314 -0.000780361)
(1.59786 0.00369552 -0.00153073)
(1.59786 0.00332588 -0.00222228)
(1.59786 0.00282843 -0.00282843)
(1.59786 0.00222228 -0.00332588)
(1.59786 0.00153073 -0.00369552)
(1.59786 0.000780361 -0.00392314)
(1.64224 0 -0.004)
(1.64224 -0.000780361 -0.00392314)
(1.64224 -0.00153073 -0.00369552)
(1.64224 -0.00222228 -0.00332588)
(1.64224 -0.00282843 -0.00282843)
(1.64224 -0.00332588 -0.00222228)
(1.64224 -0.00369552 -0.00153073)
(1.64224 -0.00392314 -0.000780361)
(1.64224 -0.004 3.276668168e-16)
(1.64224 -0.00392314 0.000780361)
(1.64224 -0.00369552 0.00153073)
(1.64224 -0.00332588 0.00222228)
(1.64224 -0.00282843 0.00282843)
(1.64224 -0.00222228 0.00332588)
(1.64224 -0.00153073 0.00369552)
(1.64224 -0.000780361 0.00392314)
(1.64224 -4.89859e-19 0.004)
(1.64224 0.000780361 0.00392314)
(1.64224 0.00153073 0.00369552)
(1.64224 0.00222228 0.00332588)
(1.64224 0.00282843 0.00282843)
(1.64224 0.00332588 0.00222228)
(1.64224 0.00369552 0.00153073)
(1.64224 0.00392314 0.000780361)
(1.64224 0.004 3.286465338e-16)
(1.64224 0.00392314 -0.000780361)
(1.64224 0.00369552 -0.00153073)
(1.64224 0.00332588 -0.00222228)
(1.64224 0.00282843 -0.00282843)
(1.64224 0.00222228 -0.00332588)
(1.64224 0.00153073 -0.00369552)
(1.64224 0.000780361 -0.00392314)
(1.68663 0 -0.004)
(1.68663 -0.000780361 -0.00392314)
(1.68663 -0.00153073 -0.00369552)
(1.68663 -0.00222228 -0.00332588)
(1.68663 -0.00282843 -0.00282843)
(1.68663 -0.00332588 -0.00222228)
(1.68663 -0.00369552 -0.00153073)
(1.68663 -0.00392314 -0.000780361)
(1.68663 -0.004 3.365303218e-16)
(1.68663 -0.00392314 0.000780361)
(1.68663 -0.00369552 0.00153073)
(1.68663 -0.00332588 0.00222228)
(1.68663 -0.00282843 0.00282843)
(1.68663 -0.00222228 0.00332588)
(1.68663 -0.00153073 0.00369552)
(1.68663 -0.000780361 0.00392314)
(1.68663 -4.89859e-19 0.004)
(1.68663 0.000780361 0.00392314)
(1.68663 0.00153073 0.00369552)
(1.68663 0.00222228 0.00332588)
(1.68663 0.00282843 0.00282843)
(1.68663 0.00332588 0.00222228)
(1.68663 0.00369552 0.00153073)
(1.68663 0.00392314 0.000780361)
(1.68663 0.004 3.375100388e-16)
(1.68663 0.00392314 -0.000780361)
(1.68663 0.00369552 -0.00153073)
(1.68663 0.00332588 -0.00222228)
(1.68663 0.00282843 -0.00282843)
(1.68663 0.00222228 -0.00332588)
(1.68663 0.00153073 -0.00369552)
(1.68663 0.000780361 -0.00392314)
(1.73101 0 -0.004)
(1.73101 -0.000780361 -0.00392314)
(1.73101 -0.00153073 -0.00369552)
(1.73101 -0.00222228 -0.00332588)
(1.73101 -0.00282843 -0.00282843)
(1.73101 -0.00332588 -0.00222228)
(1.73101 -0.00369552 -0.00153073)
(1.73101 -0.00392314 -0.000780361)
(1.73101 -0.004 3.4539183e-16)
(1.73101 -0.00392314 0.000780361)
(1.73101 -0.00369552 0.00153073)
(1.73101 -0.00332588 0.00222228)
(1.73101 -0.00282843 0.00282843)
(1.73101 -0.00222228 0.00332588)
(1.73101 -0.00153073 0.00369552)
(1.73101 -0.000780361 0.00392314)
(1.73101 -4.89859e-19 0.004)
(1.73101 0.000780361 0.00392314)
(1.73101 0.00153073 0.00369552)
(1.73101 0.00222228 0.00332588)
(1.73101 0.00282843 0.00282843)
(1.73101 0.00332588 0.00222228)
(1.73101 0.00369552 0.00153073)
(1.73101 0.00392314 0.000780361)
(1.73101 0.004 3.46371547e-16)
(1.73101 0.00392314 -0.000780361)
(1.73101 0.00369552 -0.00153073)
(1.73101 0.00332588 -0.00222228)
(1.73101 0.00282843 -0.00282843)
(1.73101 0.00222228 -0.00332588)
(1.73101 0.00153073 -0.00369552)
(1.73101 0.000780361 -0.00392314)
(1.7754 0 -0.004)
(1.7754 -0.000780361 -0.00392314)
(1.7754 -0.00153073 -0.00369552)
(1.7754 -0.00222228 -0.00332588)
(1.7754 -0.00282843 -0.00282843)
(1.7754 -0.00332588 -0.00222228)
(1.7754 -0.00369552 -0.00153073)
(1.7754 -0.00392314 -0.000780361)
(1.7754 -0.004 3.54255335e-16)
(1.7754 -0.00392314 0.000780361)
(1.7754 -0.00369552 0.00153073)
(1.7754 -0.00332588 0.00222228)
(1.7754 -0.00282843 0.00282843)
(1.7754 -0.00222228 0.00332588)
(1.7754 -0.00153073 0.00369552)
(1.7754 -0.000780361 0.00392314)
(1.7754 -4.89859e-19 0.004)
(1.7754 0.000780361 0.00392314)
(1.7754 0.00153073 0.00369552)
(1.7754 0.00222228 0.00332588)
(1.7754 0.00282843 0.00282843)
(1.7754 0.00332588 0.00222228)
(1.7754 0.00369552 0.00153073)
(1.7754 0.00392314 0.000780361)
(1.7754 0.004 3.55235052e-16)
(1.7754 0.00392314 -0.000780361)
(1.7754 0.00369552 -0.00153073)
(1.7754 0.00332588 -0.00222228)
(1.7754 0.00282843 -0.00282843)
(1.7754 0.00222228 -0.00332588)
(1.7754 0.00153073 -0.00369552)
(1.7754 0.000780361 -0.00392314)
(1.81978 0 -0.004)
(1.81978 -0.000780361 -0.00392314)
(1.81978 -0.00153073 -0.00369552)
(1.81978 -0.00222228 -0.00332588)
(1.81978 -0.00282843 -0.00282843)
(1.81978 -0.00332588 -0.00222228)
(1.81978 -0.00369552 -0.00153073)
(1.81978 -0.00392314 -0.000780361)
(1.81978 -0.004 3.631168432e-16)
(1.81978 -0.00392314 0.000780361)
(1.81978 -0.00369552 0.00153073)
(1.81978 -0.00332588 0.00222228)
(1.81978 -0.00282843 0.00282843)
(1.81978 -0.00222228 0.00332588)
(1.81978 -0.00153073 0.00369552)
(1.81978 -0.000780361 0.00392314)
(1.81978 -4.89859e-19 0.004)
(1.81978 0.000780361 0.00392314)
(1.81978 0.00153073 0.00369552)
(1.81978 0.00222228 0.00332588)
(1.81978 0.00282843 0.00282843)
(1.81978 0.00332588 0.00222228)
(1.81978 0.00369552 0.00153073)
(1.81978 0.00392314 0.000780361)
(1.81978 0.004 3.640965602e-16)
(1.81978 0.00392314 -0.000780361)
(1.81978 0.00369552 -0.00153073)
(1.81978 0.00332588 -0.00222228)
(1.81978 0.00282843 -0.00282843)
(1.81978 0.00222228 -0.00332588)
(1.81978 0.00153073 -0.00369552)
(1.81978 0.000780361 -0.00392314)
(1.86417 0 -0.004)
(1.86417 -0.000780361 -0.00392314)
(1.86417 -0.00153073 -0.00369552)
(1.86417 -0.00222228 -0.00332588)
(1.86417 -0.00282843 -0.00282843)
(1.86417 -0.00332588 -0.00222228)
(1.86417 -0.00369552 -0.00153073)
(1.86417 -0.00392314 -0.000780361)
(1.86417 -0.004 3.719803482e-16)
(1.86417 -0.00392314 0.000780361)
(1.86417 -0.00369552 0.00153073)
(1.86417 -0.00332588 0.00222228)
(1.86417 -0.00282843 0.00282843)
(1.86417 -0.00222228 0.00332588)
(1.86417 -0.00153073 0.00369552)
(1.86417 -0.000780361 0.00392314)
(1.86417 -4.89859e-19 0.004)
(1.86417 0.000780361 0.00392314)
(1.86417 0.00153073 0.00369552)
(1.86417 0.00222228 0.00332588)
(1.86417 0.00282843 0.00282843)
(1.86417 0.00332588 0.00222228)
(1.86417 0.00369552 0.00153073)
(1.86417 0.00392314 0.000780361)
(1.86417 0.004 3.729600652e-16)
(1.86417 0.00392314 -0.000780361)
(1.86417 0.00369552 -0.00153073)
(1.86417 0.00332588 -0.00222228)
(1.86417 0.00282843 -0.00282843)
(1.86417 0.00222228 -0.00332588)
(1.86417 0.00153073 -0.00369552)
(1.86417 0.000780361 -0.00392314)
(1.90856 0 -0.004)
(1.90856 -0.000780361 -0.00392314)
(1.90856 -0.00153073 -0.00369552)
(1.90856 -0.00222228 -0.00332588)
(1.90856 -0.00282843 -0.00282843)
(1.90856 -0.00332588 -0.00222228)
(1.90856 -0.00369552 -0.00153073)
(1.90856 -0.00392314 -0.000780361)
(1.90856 -0.004 3.808438532e-16)
(1.90856 -0.00392314 0.000780361)
(1.90856 -0.00369552 0.00153073)
(1.90856 -0.00332588 0.00222228)
(1.90856 -0.00282843 0.00282843)
(1.90856 -0.00222228 0.00332588)
(1.90856 -0.00153073 0.00369552)
(1.90856 -0.000780361 0.00392314)
(1.90856 -4.89859e-19 0.004)
(1.90856 0.000780361 0.00392314)
(1.90856 0.00153073 0.00369552)
(1.90856 0.00222228 0.00332588)
(1.90856 0.00282843 0.00282843)
(1.90856 0.00332588 0.00222228)
(1.90856 0.00369552 0.00153073)
(1.90856 0.00392314 0.000780361)
(1.90856 0.004 3.818235702e-16)
(1.90856 0.00392314 -0.000780361)
(1.90856 0.00369552 -0.00153073)
(1.90856 0.00332588 -0.00222228)
(1.90856 0.00282843 -0.00282843)
(1.90856 0.00222228 -0.00332588)
(1.90856 0.00153073 -0.00369552)
(1.90856 0.000780361 -0.00392314)
(1.95294 0 -0.004)
(1.95294 -0.000780361 -0.00392314)
(1.95294 -0.00153073 -0.00369552)
(1.95294 -0.00222228 -0.00332588)
(1.95294 -0.00282843 -0.00282843)
(1.95294 -0.00332588 -0.00222228)
(1.95294 -0.00369552 -0.00153073)
(1.95294 -0.00392314 -0.000780361)
(1.95294 -0.004 3.897053614e-16)
(1.95294 -0.00392314 0.000780361)
(1.95294 -0.00369552 0.00153073)
(1.95294 -0.00332588 0.00222228)
(1.95294 -0.00282843 0.00282843)
(1.95294 -0.00222228 0.00332588)
(1.95294 -0.00153073 0.00369552)
(1.95294 -0.000780361 0.00392314)
(1.95294 -4.89859e-19 0.004)
(1.95294 0.000780361 0.00392314)
(1.95294 0.00153073 0.00369552)
(1.95294 0.00222228 0.00332588)
(1.95294 0.00282843 0.00282843)
(1.95294 0.00332588 0.00222228)
(1.95294 0.00369552 0.00153073)
(1.95294 0.00392314 0.000780361)
(1.95294 0.004 3.906850784e-16)
(1.95294 0.00392314 -0.000780361)
(1.95294 0.00369552 -0.00153073)
(1.95294 0.00332588 -0.00222228)
(1.95294 0.00282843 -0.00282843)
(1.95294 0.00222228 -0.00332588)
(1.95294 0.00153073 -0.00369552)
(1.95294 0.000780361 -0.00392314)
(1.99733 0 -0.004)
(1.99733 -0.000780361 -0.00392314)
(1.99733 -0.00153073 -0.00369552)
(1.99733 -0.00222228 -0.00332588)
(1.99733 -0.00282843 -0.00282843)
(1.99733 -0.00332588 -0.00222228)
(1.99733 -0.00369552 -0.00153073)
(1.99733 -0.00392314 -0.000780361)
(1.99733 -0.004 3.985688664e-16)
(1.99733 -0.00392314 0.000780361)
(1.99733 -0.00369552 0.00153073)
(1.99733 -0.00332588 0.00222228)
(1.99733 -0.00282843 0.00282843)
(1.99733 -0.00222228 0.00332588)
(1.99733 -0.00153073 0.00369552)
(1.99733 -0.000780361 0.00392314)
(1.99733 -4.89859e-19 0.004)
(1.99733 0.000780361 0.00392314)
(1.99733 0.00153073 0.00369552)
(1.99733 0.00222228 0.00332588)
(1.99733 0.00282843 0.00282843)
(1.99733 0.00332588 0.00222228)
(1.99733 0.00369552 0.00153073)
(1.99733 0.00392314 0.000780361)
(1.99733 0.004 3.995485834e-16)
(1.99733 0.00392314 -0.000780361)
(1.99733 0.00369552 -0.00153073)
(1.99733 0.00332588 -0.00222228)
(1.99733 0.00282843 -0.00282843)
(1.99733 0.00222228 -0.00332588)
(1.99733 0.00153073 -0.00369552)
(1.99733 0.000780361 -0.00392314)
(2.04171 0 -0.004)
(2.04171 -0.000780361 -0.00392314)
(2.04171 -0.00153073 -0.00369552)
(2.04171 -0.00222228 -0.00332588)
(2.04171 -0.00282843 -0.00282843)
(2.04171 -0.00332588 -0.00222228)
(2.04171 -0.00369552 -0.00153073)
(2.04171 -0.00392314 -0.000780361)
(2.04171 -0.004 4.074303746e-16)
(2.04171 -0.00392314 0.000780361)
(2.04171 -0.00369552 0.00153073)
(2.04171 -0.00332588 0.00222228)
(2.04171 -0.00282843 0.00282843)
(2.04171 -0.00222228 0.00332588)
(2.04171 -0.00153073 0.00369552)
(2.04171 -0.000780361 0.00392314)
(2.04171 -4.89859e-19 0.004)
(2.04171 0.000780361 0.00392314)
(2.04171 0.00153073 0.00369552)
(2.04171 0.00222228 0.00332588)
(2.04171 0.00282843 0.00282843)
(2.04171 0.00332588 0.00222228)
(2.04171 0.00369552 0.00153073)
(2.04171 0.00392314 0.000780361)
(2.04171 0.004 4.084100916e-16)
(2.04171 0.00392314 -0.000780361)
(2.04171 0.00369552 -0.00153073)
(2.04171 0.00332588 -0.00222228)
(2.04171 0.00282843 -0.00282843)
(2.04171 0.00222228 -0.00332588)
(2.04171 0.00153073 -0.00369552)
(2.04171 0.000780361 -0.00392314)
(2.0861 0 -0.004)
(2.0861 -0.000780361 -0.00392314)
(2.0861 -0.00153073 -0.00369552)
(2.0861 -0.00222228 -0.00332588)
(2.0861 -0.00282843 -0.00282843)
(2.0861 -0.00332588 -0.00222228)
(2.0861 -0.00369552 -0.00153073)
(2.0861 -0.00392314 -0.000780361)
(2.0861 -0.004 4.162938796e-16)
(2.0861 -0.00392314 0.000780361)
(2.0861 -0.00369552 0.00153073)
(2.0861 -0.00332588 0.00222228)
(2.0861 -0.00282843 0.00282843)
(2.0861 -0.00222228 0.00332588)
(2.0861 -0.00153073 0.00369552)
(2.0861 -0.000780361 0.00392314)
(2.0861 -4.89859e-19 0.004)
(2.0861 0.000780361 0.00392314)
(2.0861 0.00153073 0.00369552)
(2.0861 0.00222228 0.00332588)
(2.0861 0.00282843 0.00282843)
(2.0861 0.00332588 0.00222228)
(2.0861 0.00369552 0.00153073)
(2.0861 0.00392314 0.000780361)
(2.0861 0.004 4.172735966e-16)
(2.0861 0.00392314 -0.000780361)
(2.0861 0.00369552 -0.00153073)
(2.0861 0.00332588 -0.00222228)
(2.0861 0.00282843 -0.00282843)
(2.0861 0.00222228 -0.00332588)
(2.0861 0.00153073 -0.00369552)
(2.0861 0.000780361 -0.00392314)
(2.13048 0 -0.004)
(2.13048 -0.000780361 -0.00392314)
(2.13048 -0.00153073 -0.00369552)
(2.13048 -0.00222228 -0.00332588)
(2.13048 -0.00282843 -0.00282843)
(2.13048 -0.00332588 -0.00222228)
(2.13048 -0.00369552 -0.00153073)
(2.13048 -0.00392314 -0.000780361)
(2.13048 -0.004 4.251553878e-16)
(2.13048 -0.00392314 0.000780361)
(2.13048 -0.00369552 0.00153073)
(2.13048 -0.00332588 0.00222228)
(2.13048 -0.00282843 0.00282843)
(2.13048 -0.00222228 0.00332588)
(2.13048 -0.00153073 0.00369552)
(2.13048 -0.000780361 0.00392314)
(2.13048 -4.89859e-19 0.004)
(2.13048 0.000780361 0.00392314)
(2.13048 0.00153073 0.00369552)
(2.13048 0.00222228 0.00332588)
(2.13048 0.00282843 0.00282843)
(2.13048 0.00332588 0.00222228)
(2.13048 0.00369552 0.00153073)
(2.13048 0.00392314 0.000780361)
(2.13048 0.004 4.261351048e-16)
(2.13048 0.00392314 -0.000780361)
(2.13048 0.00369552 -0.00153073)
(2.13048 0.00332588 -0.00222228)
(2.13048 0.00282843 -0.00282843)
(2.13048 0.00222228 -0.00332588)
(2.13048 0.00153073 -0.00369552)
(2.13048 0.000780361 -0.00392314)
(2.17487 0 -0.004)
(2.17487 -0.000780361 -0.00392314)
(2.17487 -0.00153073 -0.00369552)
(2.17487 -0.00222228 -0.00332588)
(2.17487 -0.00282843 -0.00282843)
(2.17487 -0.00332588 -0.00222228)
(2.17487 -0.00369552 -0.00153073)
(2.17487 -0.00392314 -0.000780361)
(2.17487 -0.004 4.340188928e-16)
(2.17487 -0.00392314 0.000780361)
(2.17487 -0.00369552 0.00153073)
(2.17487 -0.00332588 0.00222228)
(2.17487 -0.00282843 0.00282843)
(2.17487 -0.00222228 0.00332588)
(2.17487 -0.00153073 0.00369552)
(2.17487 -0.000780361 0.00392314)
(2.17487 -4.89859e-19 0.004)
(2.17487 0.000780361 0.00392314)
(2.17487 0.00153073 0.00369552)
(2.17487 0.00222228 0.00332588)
(2.17487 0.00282843 0.00282843)
(2.17487 0.00332588 0.00222228)
(2.17487 0.00369552 0.00153073)
(2.17487 0.00392314 0.000780361)
(2.17487 0.004 4.349986098e-16)
(2.17487 0.00392314 -0.000780361)
(2.17487 0.00369552 -0.00153073)
(2.17487 0.00332588 -0.00222228)
(2.17487 0.00282843 -0.00282843)
(2.17487 0.00222228 -0.00332588)
(2.17487 0.00153073 -0.00369552)
(2.17487 0.000780361 -0.00392314)
(2.21925 0 -0.004)
(2.21925 -0.000780361 -0.00392314)
(2.21925 -0.00153073 -0.00369552)
(2.21925 -0.00222228 -0.00332588)
(2.21925 -0.00282843 -0.00282843)
(2.21925 -0.00332588 -0.00222228)
(2.21925 -0.00369552 -0.00153073)
(2.21925 -0.00392314 -0.000780361)
(2.21925 -0.004 4.42880401e-16)
(2.21925 -0.00392314 0.000780361)
(2.21925 -0.00369552 0.00153073)
(2.21925 -0.00332588 0.00222228)
(2.21925 -0.00282843 0.00282843)
(2.21925 -0.00222228 0.00332588)
(2.21925 -0.00153073 0.00369552)
(2.21925 -0.000780361 0.00392314)
(2.21925 -4.89859e-19 0.004)
(2.21925 0.000780361 0.00392314)
(2.21925 0.00153073 0.00369552)
(2.21925 0.00222228 0.00332588)
(2.21925 0.00282843 0.00282843)
(2.21925 0.00332588 0.00222228)
(2.21925 0.00369552 0.00153073)
(2.21925 0.00392314 0.000780361)
(2.21925 0.004 4.43860118e-16)
(2.21925 0.00392314 -0.000780361)
(2.21925 0.00369552 -0.00153073)
(2.21925 0.00332588 -0.00222228)
(2.21925 0.00282843 -0.00282843)
(2.21925 0.00222228 -0.00332588)
(2.21925 0.00153073 -0.00369552)
(2.21925 0.000780361 -0.00392314)
(2.26363 0 -0.004)
(2.26363 -0.000780361 -0.00392314)
(2.26363 -0.00153073 -0.00369552)
(2.26363 -0.00222228 -0.00332588)
(2.26363 -0.00282843 -0.00282843)
(2.26363 -0.00332588 -0.00222228)
(2.26363 -0.00369552 -0.00153073)
(2.26363 -0.00392314 -0.000780361)
(2.26363 -0.004 4.517419092e-16)
(2.26363 -0.00392314 0.000780361)
(2.26363 -0.00369552 0.00153073)
(2.26363 -0.00332588 0.00222228)
(2.26363 -0.00282843 0.00282843)
(2.26363 -0.00222228 0.00332588)
(2.26363 -0.00153073 0.00369552)
(2.26363 -0.000780361 0.00392314)
(2.26363 -4.89859e-19 0.004)
(2.26363 0.000780361 0.00392314)
(2.26363 0.00153073 0.00369552)
(2.26363 0.00222228 0.00332588)
(2.26363 0.00282843 0.00282843)
(2.26363 0.00332588 0.00222228)
(2.26363 0.00369552 0.00153073)
(2.26363 0.00392314 0.000780361)
(2.26363 0.004 4.527216262e-16)
(2.26363 0.00392314 -0.000780361)
(2.26363 0.00369552 -0.00153073)
(2.26363 0.00332588 -0.00222228)
(2.26363 0.00282843 -0.00282843)
(2.26363 0.00222228 -0.00332588)
(2.26363 0.00153073 -0.00369552)
(2.26363 0.000780361 -0.00392314)
(2.30802 0 -0.004)
(2.30802 -0.000780361 -0.00392314)
(2.30802 -0.00153073 -0.00369552)
(2.30802 -0.00222228 -0.00332588)
(2.30802 -0.00282843 -0.00282843)
(2.30802 -0.00332588 -0.00222228)
(2.30802 -0.00369552 -0.00153073)
(2.30802 -0.00392314 -0.000780361)
(2.30802 -0.004 4.606054142e-16)
(2.30802 -0.00392314 0.000780361)
(2.30802 -0.00369552 0.00153073)
(2.30802 -0.00332588 0.00222228)
(2.30802 -0.00282843 0.00282843)
(2.30802 -0.00222228 0.00332588)
(2.30802 -0.00153073 0.00369552)
(2.30802 -0.000780361 0.00392314)
(2.30802 -4.89859e-19 0.004)
(2.30802 0.000780361 0.00392314)
(2.30802 0.00153073 0.00369552)
(2.30802 0.00222228 0.00332588)
(2.30802 0.00282843 0.00282843)
(2.30802 0.00332588 0.00222228)
(2.30802 0.00369552 0.00153073)
(2.30802 0.00392314 0.000780361)
(2.30802 0.004 4.615851312e-16)
(2.30802 0.00392314 -0.000780361)
(2.30802 0.00369552 -0.00153073)
(2.30802 0.00332588 -0.00222228)
(2.30802 0.00282843 -0.00282843)
(2.30802 0.00222228 -0.00332588)
(2.30802 0.00153073 -0.00369552)
(2.30802 0.000780361 -0.00392314)
(2.35241 0 -0.004)
(2.35241 -0.000780361 -0.00392314)
(2.35241 -0.00153073 -0.00369552)
(2.35241 -0.00222228 -0.00332588)
(2.35241 -0.00282843 -0.00282843)
(2.35241 -0.00332588 -0.00222228)
(2.35241 -0.00369552 -0.00153073)
(2.35241 -0.00392314 -0.000780361)
(2.35241 -0.004 4.694689192e-16)
(2.35241 -0.00392314 0.000780361)
(2.35241 -0.00369552 0.00153073)
(2.35241 -0.00332588 0.00222228)
(2.35241 -0.00282843 0.00282843)
(2.35241 -0.00222228 0.00332588)
(2.35241 -0.00153073 0.00369552)
(2.35241 -0.000780361 0.00392314)
(2.35241 -4.89859e-19 0.004)
(2.35241 0.000780361 0.00392314)
(2.35241 0.00153073 0.00369552)
(2.35241 0.00222228 0.00332588)
(2.35241 0.00282843 0.00282843)
(2.35241 0.00332588 0.00222228)
(2.35241 0.00369552 0.00153073)
(2.35241 0.00392314 0.000780361)
(2.35241 0.004 4.704486362e-16)
(2.35241 0.00392314 -0.000780361)
(2.35241 0.00369552 -0.00153073)
(2.35241 0.00332588 -0.00222228)
(2.35241 0.00282843 -0.00282843)
(2.35241 0.00222228 -0.00332588)
(2.35241 0.00153073 -0.00369552)
(2.35241 0.000780361 -0.00392314)
(2.39679 0 -0.004)
(2.39679 -0.000780361 -0.00392314)
(2.39679 -0.00153073 -0.00369552)
(2.39679 -0.00222228 -0.00332588)
(2.39679 -0.00282843 -0.00282843)
(2.39679 -0.00332588 -0.00222228)
(2.39679 -0.00369552 -0.00153073)
(2.39679 -0.00392314 -0.000780361)
(2.39679 -0.004 4.783304274e-16)
(2.39679 -0.00392314 0.000780361)
(2.39679 -0.00369552 0.00153073)
(2.39679 -0.00332588 0.00222228)
(2.39679 -0.00282843 0.00282843)
(2.39679 -0.00222228 0.00332588)
(2.39679 -0.00153073 0.00369552)
(2.39679 -0.000780361 0.00392314)
(2.39679 -4.89859e-19 0.004)
(2.39679 0.000780361 0.00392314)
(2.39679 0.00153073 0.00369552)
(2.39679 0.00222228 0.00332588)
(2.39679 0.00282843 0.00282843)
(2.39679 0.00332588 0.00222228)
(2.39679 0.00369552 0.00153073)
(2.39679 0.00392314 0.000780361)
(2.39679 0.004 4.793101444e-16)
(2.39679 0.00392314 -0.000780361)
(2.39679 0.00369552 -0.00153073)
(2.39679 0.00332588 -0.00222228)
(2.39679 0.00282843 -0.00282843)
(2.39679 0.00222228 -0.00332588)
(2.39679 0.00153073 -0.00369552)
(2.39679 0.000780361 -0.00392314)
(2.44117 0 -0.004)
(2.44117 -0.000780361 -0.00392314)
(2.44117 -0.00153073 -0.00369552)
(2.44117 -0.00222228 -0.00332588)
(2.44117 -0.00282843 -0.00282843)
(2.44117 -0.00332588 -0.00222228)
(2.44117 -0.00369552 -0.00153073)
(2.44117 -0.00392314 -0.000780361)
(2.44117 -0.004 4.871919356e-16)
(2.44117 -0.00392314 0.000780361)
(2.44117 -0.00369552 0.00153073)
(2.44117 -0.00332588 0.00222228)
(2.44117 -0.00282843 0.00282843)
(2.44117 -0.00222228 0.00332588)
(2.44117 -0.00153073 0.00369552)
(2.44117 -0.000780361 0.00392314)
(2.44117 -4.89859e-19 0.004)
(2.44117 0.000780361 0.00392314)
(2.44117 0.00153073 0.00369552)
(2.44117 0.00222228 0.00332588)
(2.44117 0.00282843 0.00282843)
(2.44117 0.00332588 0.00222228)
(2.44117 0.00369552 0.00153073)
(2.44117 0.00392314 0.000780361)
(2.44117 0.004 4.881716526e-16)
(2.44117 0.00392314 -0.000780361)
(2.44117 0.00369552 -0.00153073)
(2.44117 0.00332588 -0.00222228)
(2.44117 0.00282843 -0.00282843)
(2.44117 0.00222228 -0.00332588)
(2.44117 0.00153073 -0.00369552)
(2.44117 0.000780361 -0.00392314)
(2.48556 0 -0.004)
(2.48556 -0.000780361 -0.00392314)
(2.48556 -0.00153073 -0.00369552)
(2.48556 -0.00222228 -0.00332588)
(2.48556 -0.00282843 -0.00282843)
(2.48556 -0.00332588 -0.00222228)
(2.48556 -0.00369552 -0.00153073)
(2.48556 -0.00392314 -0.000780361)
(2.48556 -0.004 4.960554406e-16)
(2.48556 -0.00392314 0.000780361)
(2.48556 -0.00369552 0.00153073)
(2.48556 -0.00332588 0.00222228)
(2.48556 -0.00282843 0.00282843)
(2.48556 -0.00222228 0.00332588)
(2.48556 -0.00153073 0.00369552)
(2.48556 -0.000780361 0.00392314)
(2.48556 -4.89859e-19 0.004)
(2.48556 0.000780361 0.00392314)
(2.48556 0.00153073 0.00369552)
(2.48556 0.00222228 0.00332588)
(2.48556 0.00282843 0.00282843)
(2.48556 0.00332588 0.00222228)
(2.48556 0.00369552 0.00153073)
(2.48556 0.00392314 0.000780361)
(2.48556 0.004 4.970351576e-16)
(2.48556 0.00392314 -0.000780361)
(2.48556 0.00369552 -0.00153073)
(2.48556 0.00332588 -0.00222228)
(2.48556 0.00282843 -0.00282843)
(2.48556 0.00222228 -0.00332588)
(2.48556 0.00153073 -0.00369552)
(2.48556 0.000780361 -0.00392314)
(2.52995 0 -0.004)
(2.52995 -0.000780361 -0.00392314)
(2.52995 -0.00153073 -0.00369552)
(2.52995 -0.00222228 -0.00332588)
(2.52995 -0.00282843 -0.00282843)
(2.52995 -0.00332588 -0.00222228)
(2.52995 -0.00369552 -0.00153073)
(2.52995 -0.00392314 -0.000780361)
(2.52995 -0.004 5.049189456e-16)
(2.52995 -0.00392314 0.000780361)
(2.52995 -0.00369552 0.00153073)
(2.52995 -0.00332588 0.00222228)
(2.52995 -0.00282843 0.00282843)
(2.52995 -0.00222228 0.00332588)
(2.52995 -0.00153073 0.00369552)
(2.52995 -0.000780361 0.00392314)
(2.52995 -4.89859e-19 0.004)
(2.52995 0.000780361 0.00392314)
(2.52995 0.00153073 0.00369552)
(2.52995 0.00222228 0.00332588)
(2.52995 0.00282843 0.00282843)
(2.52995 0.00332588 0.00222228)
(2.52995 0.00369552 0.00153073)
(2.52995 0.00392314 0.000780361)
(2.52995 0.004 5.058986626e-16)
(2.52995 0.00392314 -0.000780361)
(2.52995 0.00369552 -0.00153073)
(2.52995 0.00332588 -0.00222228)
(2.52995 0.00282843 -0.00282843)
(2.52995 0.00222228 -0.00332588)
(2.52995 0.00153073 -0.00369552)
(2.52995 0.000780361 -0.00392314)
(2.57433 0 -0.004)
(2.57433 -0.000780361 -0.00392314)
(2.57433 -0.00153073 -0.00369552)
(2.57433 -0.00222228 -0.00332588)
(2.57433 -0.00282843 -0.00282843)
(2.57433 -0.00332588 -0.00222228)
(2.57433 -0.00369552 -0.00153073)
(2.57433 -0.00392314 -0.000780361)
(2.57433 -0.004 5.137804538e-16)
(2.57433 -0.00392314 0.000780361)
(2.57433 -0.00369552 0.00153073)
(2.57433 -0.00332588 0.00222228)
(2.57433 -0.00282843 0.00282843)
(2.57433 -0.00222228 0.00332588)
(2.57433 -0.00153073 0.00369552)
(2.57433 -0.000780361 0.00392314)
(2.57433 -4.89859e-19 0.004)
(2.57433 0.000780361 0.00392314)
(2.57433 0.00153073 0.00369552)
(2.57433 0.00222228 0.00332588)
(2.57433 0.00282843 0.00282843)
(2.57433 0.00332588 0.00222228)
(2.57433 0.00369552 0.00153073)
(2.57433 0.00392314 0.000780361)
(2.57433 0.004 5.147601708e-16)
(2.57433 0.00392314 -0.000780361)
(2.57433 0.00369552 -0.00153073)
(2.57433 0.00332588 -0.00222228)
(2.57433 0.00282843 -0.00282843)
(2.57433 0.00222228 -0.00332588)
(2.57433 0.00153073 -0.00369552)
(2.57433 0.000780361 -0.00392314)
(2.61871 0 -0.004)
(2.61871 -0.000780361 -0.00392314)
(2.61871 -0.00153073 -0.00369552)
(2.61871 -0.00222228 -0.00332588)
(2.61871 -0.00282843 -0.00282843)
(2.61871 -0.00332588 -0.00222228)
(2.61871 -0.00369552 -0.00153073)
(2.61871 -0.00392314 -0.000780361)
(2.61871 -0.004 5.22641962e-16)
(2.61871 -0.00392314 0.000780361)
(2.61871 -0.00369552 0.00153073)
(2.61871 -0.00332588 0.00222228)
(2.61871 -0.00282843 0.00282843)
(2.61871 -0.00222228 0.00332588)
(2.61871 -0.00153073 0.00369552)
(2.61871 -0.000780361 0.00392314)
(2.61871 -4.89859e-19 0.004)
(2.61871 0.000780361 0.00392314)
(2.61871 0.00153073 0.00369552)
(2.61871 0.00222228 0.00332588)
(2.61871 0.00282843 0.00282843)
(2.61871 0.00332588 0.00222228)
(2.61871 0.00369552 0.00153073)
(2.61871 0.00392314 0.000780361)
(2.61871 0.004 5.23621679e-16)
(2.61871 0.00392314 -0.000780361)
(2.61871 0.00369552 -0.00153073)
(2.61871 0.00332588 -0.00222228)
(2.61871 0.00282843 -0.00282843)
(2.61871 0.00222228 -0.00332588)
(2.61871 0.00153073 -0.00369552)
(2.61871 0.000780361 -0.00392314)
(2.6631 0 -0.004)
(2.6631 -0.000780361 -0.00392314)
(2.6631 -0.00153073 -0.00369552)
(2.6631 -0.00222228 -0.00332588)
(2.6631 -0.00282843 -0.00282843)
(2.6631 -0.00332588 -0.00222228)
(2.6631 -0.00369552 -0.00153073)
(2.6631 -0.00392314 -0.000780361)
(2.6631 -0.004 5.31505467e-16)
(2.6631 -0.00392314 0.000780361)
(2.6631 -0.00369552 0.00153073)
(2.6631 -0.00332588 0.00222228)
(2.6631 -0.00282843 0.00282843)
(2.6631 -0.00222228 0.00332588)
(2.6631 -0.00153073 0.00369552)
(2.6631 -0.000780361 0.00392314)
(2.6631 -4.89859e-19 0.004)
(2.6631 0.000780361 0.00392314)
(2.6631 0.00153073 0.00369552)
(2.6631 0.00222228 0.00332588)
(2.6631 0.00282843 0.00282843)
(2.6631 0.00332588 0.00222228)
(2.6631 0.00369552 0.00153073)
(2.6631 0.00392314 0.000780361)
(2.6631 0.004 5.32485184e-16)
(2.6631 0.00392314 -0.000780361)
(2.6631 0.00369552 -0.00153073)
(2.6631 0.00332588 -0.00222228)
(2.6631 0.00282843 -0.00282843)
(2.6631 0.00222228 -0.00332588)
(2.6631 0.00153073 -0.00369552)
(2.6631 0.000780361 -0.00392314)
)


// ************************************************************************* //
